date,CNY,ARS,KMF,LBP,KRW,TRY,LKR,BGN,RUB,KES,GIP,UGX,CRC,DJF,UYU,SCR,GNF,FJD,NPR,SLL,GHS,CLP,EUR,SEK,TJS,TZS,STN,PYG,ZAR,DOP,YER,FKP,MDL,AZN,SGD,JOD,BAM,MAD,HUF,ETB,AED,AOA,DZD,PKR,GBP,HKD,GMD,SAR,VND,SVC,TTD,NOK,IRR,ZWL,GYD,JMD,UZS,MNT,PLN,LSL,TMT,KYD,AFN,BYN,CVE,CZK,NGN,BHD,ANG,MKD,LAK,ALL,MYR,GTQ,NIO,BOB,ZMW,ERN,COP,DKK,IDR,OMR,BSD,CDF,TOP,WST,UAH,MRU,BTN,BDT,QAR,SBD,MVR,BZD,SYP,VUV,JPY,KZT,VES,BND,AMD,BWP,MGA,MUR,HNL,CUC,INR,MOP,CUP,PHP,USD,IQD,TWD,THB,MWK,MXN,RON,PEN,XOF,ILS,CHF,XDR,KWD,RSD,BMD,XAF,XAU,KHR,BIF,XAG,LYD,XCD,ISK,XPF,PGK,SHP,EGP,SZL,LRD,TND,KPW,MZN,NAD,CAD,MMK,PAB,BRL,RWF,SRD,AUD,SOS,SDG,GEL,NZD,KGS
2021-01-01,7.93496521,102.149706,491.96774988,1831.68055604,1321.27167604,9.03044301,225.08699149,1.95583,89.914342,132.43028201,0.90044062,4439.25539452,739.39484634,215.99839801,51.46142503,25.72948954,12161.89281269,2.50269264,142.6978187,12417.6561039,7.13231102,863.28644524,1.0,10.00020396,13.73000929,2817.67524025,24.77727883,8399.9472738,17.86920836,70.66832216,304.21513096,0.90044062,20.912533,2.0643352,1.60645792,0.86146701,1.95583,10.83481802,361.27505723,47.73562604,4.4622533,795.320745,160.52426503,195.22127624,0.90044062,9.41603608,62.93223533,4.55641929,28042.59658477,10.63164502,8.23018355,10.41042083,51303.00548863,,255.46328166,173.58240074,12729.75802279,3459.04058197,4.54411937,17.86920836,4.26480841,0.99633701,94.25105407,3.17456343,110.26999993,26.14905807,463.49543366,0.45685697,2.17493077,61.05347246,11274.64626365,122.57750997,4.88751684,9.45985463,42.42445023,8.36751988,25.72249684,18.22567717,4150.00314743,7.39830522,17099.61882289,0.46718486,1.21504515,2393.3815935,2.75269909,3.05209562,34.42824334,46.53132371,88.77002717,102.88668846,4.42276433,9.72033355,18.72384497,2.4459651,623.10632044,132.73489657,125.41147544,511.97028019,1259280.17709693,1.60645792,634.96949896,13.110943,4747.80279968,48.19930476,29.27397896,1.21504515,88.77002717,9.69851716,32.19869634,58.34645857,1.21504515,1444.56872177,34.12889045,36.45008675,936.2779265,24.17135671,4.83319686,4.39846286,655.95699984,3.90669368,1.08331816,0.84135801,0.36963692,116.74558604,1.21504515,655.95699984,0.00063989,4895.83296587,2363.51937538,0.04593343,1.62663635,3.28368569,155.05099093,119.33174219,4.26706025,0.90044062,19.12157862,17.86920836,198.92721328,3.24749142,1093.61083222,90.63971808,17.86920836,1.54586538,1623.71112946,1.21504515,6.31088315,1196.66625757,17.19615276,1.58398063,700.09804702,67.1312291,3.99118897,1.6922507,100.4232481
2021-01-02,7.96080148,102.47492877,491.96774982,1837.08820727,1323.08464168,9.05666707,225.75152286,1.95583,90.20743943,132.82115904,0.89107656,4452.4036448,741.58058257,216.90638461,51.61334247,25.80548293,12198.24935889,2.48554601,143.15499643,12204.4025066,7.15336777,865.97888514,1.0,10.04261188,13.77054528,2824.83996744,24.30108608,8499.58329606,17.91655141,70.87696906,305.11337851,0.89107656,20.8451959,2.07042952,1.61053284,0.86401031,1.95583,10.86680746,361.79050353,47.87656205,4.47542716,797.668843,160.94842046,195.79769089,0.89107656,9.44771378,63.11804372,4.56987116,28122.7362213,10.66303271,8.25448646,10.45693265,51214.60815324,,255.9031485,174.09478802,12767.55623063,3473.16577537,4.55722665,17.91655141,4.27739923,0.99928619,93.97711901,3.14834918,110.26999996,26.16081646,464.54156333,0.45820575,2.17844005,61.23377682,11304.03658958,122.95692363,4.90194649,9.48778921,42.54971247,8.39222927,25.79843663,18.27948465,4168.69215828,7.41936432,17035.4239174,0.46856412,1.21863231,2402.43760399,2.76709516,3.10771174,34.54551801,46.66869765,89.05443014,103.19026875,4.43582161,9.74903049,18.77521187,2.45318792,624.94588696,132.42201466,125.49311382,513.47996001,1262997.91407153,1.61053284,636.84503029,13.14965615,4761.77470813,48.36111234,29.36041055,1.21863231,89.05443014,9.73114519,32.29375621,58.51844745,1.21863231,1448.83350682,34.22625217,36.5589391,939.04174627,24.1710812,4.88291644,4.39761118,655.95699976,3.91309923,1.08687551,0.84384195,0.37064595,117.29014964,1.21863231,655.95699976,0.00064179,4910.25382114,2370.39838292,0.04609236,1.63143969,3.29130162,155.50876964,119.33174222,4.275936,0.89107656,19.1780332,17.91655141,199.61138525,3.25708065,1096.76960523,90.92215858,17.91655141,1.55144307,1628.33489894,1.21863231,6.32793079,1200.18473846,17.24685341,1.58389517,702.16442206,67.17986219,3.99325185,1.69612645,100.71971794
2021-01-03,7.92991106,102.17158631,491.96774979,1831.7072207,1318.98487967,9.03724262,225.09027757,1.95583,89.70012304,132.79087081,0.88858911,4435.20881002,741.28521999,216.28029659,51.37970872,25.88734605,12173.00501319,2.47826563,142.86572292,12176.02963061,7.07631525,863.37491658,1.0,10.04545705,13.73021019,2815.92939601,24.53319617,8383.47333282,17.81611158,70.78364275,303.08346449,0.88858911,20.78474195,2.06436506,1.60584696,0.86147955,1.95583,10.81299946,360.66793606,47.73632756,4.46231825,795.33240356,161.04919309,194.6816919,0.88858911,9.42042667,62.93316564,4.55648562,28208.99374823,10.63179979,8.20780875,10.48328399,51063.47711651,,255.14926056,171.82541823,12730.15897968,3463.84817575,4.54387038,17.81611158,4.26487036,0.99635732,93.68416706,3.13557763,110.26999999,26.08732438,463.18088184,0.45686363,2.17205922,60.96548073,11328.34393478,122.59677241,4.88760621,9.46924722,42.42508077,8.37678549,25.80522586,18.22594249,4150.74442339,7.40139503,17088.12702621,0.46719166,1.21506283,2395.6016573,2.7590218,3.09887022,34.71050995,46.53200109,88.87447772,103.01607221,4.42282871,9.72047475,18.9863783,2.44831537,623.11536765,132.02906147,124.56794272,511.86324214,1259298.48646869,1.60584696,634.97965739,13.1111397,4747.82706768,48.64353858,29.29793647,1.21506283,88.87447772,9.70303947,32.19916507,58.36214383,1.21506283,1444.58975106,34.15904905,36.45648851,939.47160382,24.16644679,4.86980535,4.37683368,655.9569999,3.90913278,1.08151046,0.84137026,0.37194493,116.94560706,1.21506283,655.9569999,0.00063996,4903.5194878,2358.16615137,0.04603953,1.62459163,3.28067702,155.05327131,119.33174225,4.26341142,0.88858911,19.09374721,17.81611158,199.02736621,3.27659018,1093.55655375,90.65593696,17.81611158,1.54239547,1617.86970388,1.21506283,6.31111671,1180.22654976,17.12289071,1.56563724,700.10772314,66.98308669,3.98155528,1.69127504,100.42470137
2021-01-04,7.9204349,103.78601941,491.96774998,1847.42016304,1330.66623832,9.07316784,229.45505498,1.95583,91.0254172,133.93357446,0.90424855,4508.07233954,749.42370601,217.91382556,51.89499103,25.99025586,12275.63043022,2.49792259,143.9971839,12407.84626123,7.18737421,861.76810641,1.0,10.10739126,13.84797895,2841.53931877,24.48806554,8480.34000646,18.06172074,71.29030604,306.83076399,0.90424855,21.05250229,2.08207373,1.61895968,0.86886958,1.95583,10.86000115,360.86891896,48.29930739,4.50059738,802.08571737,162.13928271,196.23817272,0.90424855,9.50212823,63.45990714,4.59557254,28336.93566953,10.7230026,8.28881431,10.500467,51545.28379569,,256.89854907,174.4669808,12844.96102977,3497.75255802,4.54638621,18.06172074,4.29080436,1.00490018,94.69973299,3.17145447,110.26999998,26.16944,483.85145078,0.46078274,2.19279173,61.53550371,11379.59651919,123.71906702,4.9093877,9.55337765,42.7888239,8.43547277,25.9702266,18.38229018,4204.53659292,7.4404605,17044.18278178,0.47119937,1.22548601,2415.08004147,2.77706555,3.09148545,34.84781663,45.12045528,89.57834148,103.88266489,4.46076908,9.85509477,18.85100788,2.47039802,628.47078594,132.81205182,126.44685151,516.22508333,1354911.28026792,1.61895968,640.40073676,13.23094435,4773.5240648,48.28455793,29.56091165,1.22548601,89.57834148,9.78719207,32.47537932,58.86907101,1.22548601,1793.00278157,34.42251626,36.66467548,943.19798704,24.43772339,4.86961368,4.43979459,655.95699989,3.93362995,1.08020546,0.84670647,0.37223683,117.52809921,1.22548601,655.95699989,0.00063262,4958.60971889,2383.90560476,0.04502771,1.63927022,3.31161003,156.02577973,119.33174225,4.29994793,0.90424855,19.28482483,18.06172074,201.36379258,3.27627243,1102.98891068,91.43761348,18.06172074,1.56605914,1629.04311647,1.22548601,6.43199936,1210.36891696,17.33649938,1.60008343,709.55212369,67.70811721,4.0410426,1.71042155,101.34553969
2021-01-05,7.93457569,104.25248519,491.96775015,1853.35836684,1337.1383929,9.08522401,231.68996765,1.95583,90.98772336,134.49017076,0.90264082,4538.4844823,752.05519934,218.59707407,51.85591178,26.05095427,12326.73835578,2.50780072,144.58459909,12471.20003133,7.21778319,860.19610681,1.0,10.06311215,13.89249262,2850.92426461,24.73458169,8513.94270907,18.44534235,71.60731058,307.8484466,0.90264082,21.11183104,2.0887661,1.6201879,0.87166241,1.95583,10.85060706,359.12645804,48.39152045,4.51506375,804.92294894,162.59466953,197.38614964,0.90264082,9.53216506,63.55529828,4.6103442,28445.11339385,10.75746979,8.31690528,10.43722024,51815.81795686,,257.80555454,175.0779539,12840.68913668,3499.63426168,4.53350102,18.44534235,4.31528248,1.00812859,96.22887232,3.16939082,110.27,26.16285618,484.89553465,0.46226384,2.20017085,61.71812512,11433.60081479,123.65821242,4.93937802,9.59013415,42.91064692,8.47623556,26.06484518,18.44137678,4224.74125598,7.43935509,17098.61891744,0.47271396,1.22942512,2423.11214659,2.78962832,3.10295753,34.98387029,45.13840771,89.94376305,104.28477406,4.47510743,9.88742883,18.97379578,2.47997649,630.48602224,133.6459147,126.26400458,518.7415847,1368409.73890402,1.6201879,642.46508994,13.26916805,4751.07044311,48.32503055,29.67883799,1.22942512,89.94376305,9.81813001,32.57976565,59.1008242,1.22942512,1799.33430733,34.38831849,36.78787708,946.99282679,24.49382668,4.87137562,4.4535712,655.9570002,3.93775912,1.08007543,0.84910167,0.37317524,117.61222585,1.22942512,655.9570002,0.00063179,4972.44975335,2390.74713492,0.04475398,1.64527527,3.32204293,156.14120052,119.33174233,4.30111337,0.90264082,19.30415459,18.44534235,202.44597218,3.28769698,1106.55954375,91.80890152,18.44534235,1.56173014,1632.43375071,1.22942512,6.51471805,1194.7401459,17.38645675,1.58613227,711.22348924,67.9496706,4.06273733,1.69776431,102.3143941
2021-01-06,7.94246151,104.35991612,491.9677498,1852.94606408,1337.65580455,8.97083312,231.69810584,1.95583,90.80267542,134.54660785,0.90418325,4548.54614015,751.18798361,218.53405161,52.04689004,26.02911663,12313.14385024,2.49261099,144.57656939,12718.65455895,7.21220556,857.25398911,1.0,10.05941731,13.88938562,2850.66288936,24.75304438,8506.73105394,18.57362876,71.52699979,307.77244829,0.90418325,21.12931723,2.08830155,1.62208337,0.8714685,1.95583,10.87748155,358.59107426,48.30257421,4.51405932,805.67901074,162.51886482,197.33920816,0.90418325,9.52986512,63.5406215,4.60931857,28424.24850492,10.75507666,8.32827916,10.34985273,51778.57814842,,256.91052666,175.38286651,12837.3008714,3490.60394877,4.52511584,18.57362876,4.30207099,1.00791105,96.14430584,3.1547296,110.26999995,26.16826109,468.24711039,0.46216101,2.20017246,61.65539051,11418.06518219,123.63111976,4.94011795,9.58189078,42.91712709,8.46107645,26.04571525,18.43727427,4221.94362289,7.43940074,17094.12795816,0.4726088,1.22915162,2422.36101407,2.77430247,3.07486559,34.75060323,45.22725742,89.9387679,104.22041081,4.47411189,9.88453657,18.92908817,2.47775072,630.34145564,132.79971446,126.91631414,514.87355545,1408509.65807481,1.62208337,642.34295938,13.26479876,4749.95454663,48.3296097,29.65570945,1.22915162,89.9387679,9.81576108,32.57251787,59.09927063,1.22915162,1793.5426629,34.44244369,36.79035702,946.04649196,24.23684039,4.87159735,4.45888878,655.957,3.91379963,1.08298772,0.8494937,0.37318592,117.58887752,1.22915162,655.957,0.00064422,4971.63900783,2390.95793951,0.04567145,1.64492849,3.32180866,156.41648336,119.33174223,4.31279578,0.90418325,19.29663043,18.57362876,204.06068555,3.2812242,1106.31621363,91.69221701,18.57362876,1.55936927,1633.41552644,1.22915162,6.5602634,1194.57857639,17.39587399,1.57866431,709.11700363,67.97252344,4.0622611,1.68802691,102.24300554
2021-01-07,7.94386741,104.24325698,491.96775017,1848.82717761,1341.97713404,9.05091144,230.56355486,1.95583,91.889384,134.29163343,0.90515608,4536.90553728,749.71231421,218.03247196,51.86534938,25.98173619,12301.57612325,2.49499762,144.76144511,12539.16101119,7.20616581,871.73768081,1.0,10.05920545,13.85853752,2844.05331266,24.67588551,8486.00782319,18.91495353,71.45608477,307.08789907,0.90515608,21.07638546,2.08365976,1.62595974,0.86953132,1.95583,10.80729334,359.56661939,48.07428087,4.50402508,801.74812051,162.34279426,196.4761201,0.90515608,9.5087596,63.41071652,4.59907258,28410.20263021,10.73116935,8.31695386,10.35124681,51624.86474322,,256.87623506,174.5125297,12813.6724879,3490.79326672,4.51581255,18.91495353,4.30470031,1.0056634,94.65470312,3.14514557,110.26999999,26.19840203,467.19035248,0.46113368,2.19522643,61.47667705,11392.57796481,123.35559594,4.9519459,9.55923479,42.75260265,8.4401836,26.01711186,18.39629032,4252.06171518,7.43763267,17137.21752106,0.47155824,1.22641936,2415.75442612,2.76486697,3.06198441,34.6734638,44.52431434,90.05377614,104.01666109,4.46416645,9.86256942,18.81330223,2.47199589,628.95730805,132.04897658,127.34008286,514.23065856,1496753.05187433,1.62595974,640.91112467,13.235346,4700.04683107,48.30777656,29.58856444,1.22641936,90.05377614,9.79402239,32.5001129,59.02670813,1.22641936,1791.56735625,34.3743429,36.88175447,944.79556284,24.43833585,4.86988547,4.44454348,655.95700032,3.90189873,1.08443523,0.84885025,0.3720731,117.54537943,1.22641936,655.95700032,0.00064112,4970.68795823,2385.52521893,0.04521845,1.64123982,3.31442252,155.2639566,119.3317423,4.30699768,0.90515608,19.25565063,18.91495353,204.09337362,3.28038204,1103.84449108,91.48860723,18.91495353,1.56041414,1628.69871816,1.22641936,6.62499219,1196.78285625,17.35709304,1.58145241,707.62125712,67.79627889,4.05322721,1.69199243,102.01499705
2021-01-08,7.93489019,104.29016818,491.96775004,1847.41574606,1338.78565416,9.02095918,230.38761284,1.95583,90.79279231,134.24510815,0.90213707,4528.09777069,749.32801164,217.85558136,52.07515337,25.95141683,12581.69903664,2.50453259,144.43498361,12531.92558379,7.18557603,867.94837462,1.0,10.06104354,13.84797392,2841.73098899,24.42307194,8479.6802095,18.69894276,71.43503439,306.84981584,0.90213707,21.06853045,2.08206917,1.62185959,0.8688675,1.95583,10.80534538,359.38091489,48.16005098,4.50058662,793.45361957,162.00774745,196.52582697,0.90213707,9.50414343,63.35035335,4.59556156,28311.96929766,10.72297697,8.31936342,10.30490114,51602.59952886,,256.65338826,174.3823266,12805.17883765,3492.38254073,4.50897402,18.69894276,4.28945406,1.00489612,94.61545194,3.13964511,110.26999997,26.15400302,468.04914711,0.46078164,2.19360646,61.43440655,11388.3009669,123.50994833,4.94118407,9.55199799,42.8990725,8.4343014,26.01463846,18.38224623,4255.77982103,7.43695317,17207.22143206,0.47119825,1.22548308,2414.17023731,2.76036436,3.05428658,34.64709648,44.47963598,89.85068964,103.93366043,4.46075842,9.88290305,18.79923294,2.47028975,628.46155338,132.34043998,127.29108255,513.76741466,1526867.20726461,1.62185959,640.42262515,13.22537369,4619.50000923,48.24475965,29.56407069,1.22548308,89.85068964,9.78926773,32.47530167,58.9276616,1.22548308,1790.62320715,34.31972269,36.88655494,945.62641713,24.45032101,4.86958063,4.43368443,655.95699997,3.90228116,1.08362515,0.84780468,0.37201866,117.60327173,1.22548308,655.95699997,0.0006599,4967.09367689,2384.69382378,0.04781273,1.64000173,3.31189329,156.70482314,119.33174221,4.33021352,0.90213707,19.23559318,18.69894276,204.50699195,3.27929636,1103.00696351,91.41836822,18.69894276,1.55591227,1627.0513452,1.22548308,6.59876571,1194.53555069,17.34383368,1.57557233,707.12433512,67.76915391,4.05000249,1.68979811,101.93697576
2021-01-09,7.91361004,104.01900325,491.9677499,1842.31560824,1335.8781466,8.98745278,230.06111884,1.95583,90.2402193,133.96542331,0.90078834,4519.79261943,753.63228868,217.53334936,51.94917796,26.72327961,12358.11521165,2.49277611,144.09187371,12442.39011182,7.11053511,870.17545561,1.0,10.07162167,13.80972915,2833.02505177,24.546703,8383.35901475,18.69361829,71.17917502,303.48861637,0.90078834,20.946817,2.0775662,1.62020788,0.86646883,1.95583,10.78293456,359.42259691,48.0531532,4.4881619,797.31289081,162.49533729,195.69767041,0.90078834,9.48377401,63.18238858,4.58287465,28363.80502523,10.69337418,8.30585022,10.28328132,51359.18118365,,257.22894354,172.8619386,12783.15854044,3489.6268464,4.51138862,18.69361829,4.27734967,1.00212992,94.19779739,3.13416919,110.26999999,26.16530079,466.37219126,0.45950956,2.18450461,61.56584713,11393.87941187,123.78660274,4.92802895,9.52693195,42.79057007,8.41413349,26.04062512,18.33149859,4242.98518915,7.43754999,17103.27772363,0.46989741,1.22209991,2410.77668114,2.71279335,3.09389293,34.65558504,44.54545549,89.63724647,103.67419377,4.44844366,9.82396432,19.04577622,2.46304494,626.71974371,131.37829783,127.03536726,512.3914827,1607690.67552281,1.62020788,638.90111872,13.1886324,4630.30846915,48.53009763,29.45347931,1.22209991,89.63724647,9.76828723,32.38564751,58.77652865,1.22209991,1784.16677963,34.27945417,36.67957368,945.0237433,24.45627677,4.87148721,4.40542316,655.95699977,3.89528212,1.08212098,0.84564506,0.37189278,117.55516903,1.22209991,655.95699977,0.00066096,4950.89573139,2373.27048551,0.04806685,1.63547258,3.30067174,156.84159287,119.33174227,4.29488293,0.90078834,19.166136,18.69361829,203.60941159,3.28307402,1099.88993927,91.27740646,18.69361829,1.55120942,1625.04516071,1.22209991,6.62223078,1187.81751596,17.2360589,1.57473057,711.80596241,67.35309397,4.03308032,1.68871383,101.65560096
2021-01-10,7.91710587,104.07111344,491.96774977,1843.11619778,1336.55304156,9.0125198,230.16109331,1.95583,90.26406263,134.0010435,0.90119313,4522.39318494,754.71650851,217.62793641,51.99820029,26.83460697,12336.54749421,2.49385936,144.13281482,12443.0840977,7.10620187,870.73865789,1.0,10.07920766,13.81573025,2833.44786722,24.57391736,8378.88633352,18.69333253,71.19436597,302.48389987,0.90119313,20.92816762,2.07846902,1.62109602,0.86684536,1.95583,10.78598117,359.39853779,48.05606169,4.49011226,797.65936801,162.67038495,195.71710098,0.90119313,9.4837462,63.21011935,4.58486616,28390.85155664,10.69802105,8.30954126,10.27914884,51381.44139348,,257.34054103,172.81501045,12788.7167026,3490.79216186,4.51224747,18.69333253,4.27920842,1.00256228,94.23998377,3.13031978,110.26999996,26.17400657,466.49795901,0.45970925,2.18545372,61.68838582,11398.96380115,123.84745291,4.93011762,9.53098855,42.81913439,8.41789569,26.06779724,18.33946465,4239.41643629,7.44083932,17047.97119151,0.47010161,1.22263098,2411.82311425,2.71397378,3.09523715,34.67975104,44.52867319,89.66271525,103.72040766,4.45037676,9.8282334,19.15287844,2.46397794,626.99208862,131.43541036,127.07418891,512.40883744,1608389.38521726,1.62109602,639.17875712,13.1943636,4633.78745883,48.59964967,29.46239293,1.22263098,89.66271525,9.76825859,32.39972089,58.80539442,1.22263098,1784.95543431,34.30940987,36.89051682,945.68715111,24.47303665,4.87389735,4.40381478,655.95699996,3.90021544,1.08273283,0.84601254,0.37213682,117.59504118,1.22263098,655.95699996,0.0006612,4950.19654329,2373.81950128,0.04808775,1.63618329,3.30117258,156.92222607,119.33174221,4.29713893,0.90119313,19.13744156,18.69333253,203.69687394,3.28399357,1100.36788139,91.31723831,18.69333253,1.55088592,1625.97348344,1.22263098,6.62621366,1188.04320663,17.21623313,1.57525313,712.56842011,67.38229541,4.03483292,1.68970909,101.69977602
2021-01-11,7.88401328,103.62273212,491.96775,1834.63223802,1335.45341447,9.08309101,229.990572,1.95583,90.77440036,133.33545946,0.90000868,4502.97011034,746.42168957,216.39090508,51.68897156,25.82346903,12390.55102782,2.46074237,143.80107429,12407.55529733,7.12655476,876.44402963,1.0,10.08152312,13.75212123,2821.75394381,24.45838038,8377.48333434,18.85801995,71.01380869,304.35339089,0.90000868,20.92033303,2.0678316,1.61797636,0.86285523,1.95583,10.7356278,361.33519029,47.9663793,4.46944404,799.18029858,161.43525145,195.2701837,0.90000868,9.43864844,62.91565453,4.56376179,28087.46772774,10.6487775,8.27656477,10.36752218,51083.77461269,,256.18241467,173.65510975,12718.94368386,3469.25394375,4.52277408,18.85801995,4.26274671,0.9979434,94.26917142,3.14965125,110.27000001,26.24268595,482.29460784,0.45759318,2.17795587,61.67975672,11323.86894565,123.30093361,4.93166197,9.49372623,42.56723125,8.39635382,25.86528565,18.25504714,4247.18168753,7.43774888,17228.8335037,0.46793771,1.21700314,2397.55983578,2.74258756,3.04896063,34.31106744,44.38159929,89.45634482,103.28194024,4.42989144,9.81466262,18.55731762,2.45420921,624.13082564,131.52219834,126.75842313,511.04450834,1783435.92075504,1.61797636,636.3393067,13.19780409,4651.38439631,47.74043189,29.37340837,1.21700314,89.45634482,9.72180789,32.25058329,58.52977937,1.21700314,1784.19650755,34.08433114,36.68425828,941.46711023,24.42769789,4.87125896,4.40154422,655.95700009,3.86422419,1.08275327,0.84530866,0.36945956,117.60366098,1.21700314,655.95700009,0.00065813,4951.79553827,2372.11057468,0.04825487,1.62861915,3.28873547,156.56657009,119.33174222,4.29320762,0.90000868,19.04281016,18.85801995,203.4366872,3.27061084,1095.34475828,90.87360171,18.85801995,1.55399071,1619.55232598,1.21700314,6.67237334,1203.51467882,17.21668993,1.57773246,703.03688627,67.22465607,4.02187034,1.69379016,101.11748995
2021-01-12,7.86174396,103.95878137,491.9677499,1833.63335646,1336.46742568,9.1153277,231.07696893,1.95583,89.66216151,133.41851675,0.89220458,4518.56455521,747.08547288,216.3205581,51.7025165,25.81031146,12474.40905859,2.47623969,143.26602385,12390.83301855,7.12766838,883.31378796,1.0,10.08221294,13.74464824,2820.48130464,24.56678356,8398.0220581,18.68711584,70.78674351,303.83884403,0.89220458,20.93184361,2.06675533,1.61475985,0.86238544,1.95583,10.75037911,359.08633615,47.80122944,4.46701061,791.85198932,161.68259308,195.0243231,0.89220458,9.43303572,62.8799638,4.56127701,28111.75279676,10.64297968,8.26715854,10.35248803,51146.73148933,,255.23070849,173.55284369,12738.65332974,3477.64008583,4.52731628,18.68711584,4.26935524,0.99739925,93.84847997,3.1295778,110.27000001,26.16984128,462.68874367,0.45734404,2.17634644,61.69551339,11301.93069197,123.79865782,4.93561883,9.48004387,42.56655519,8.36630706,25.88752221,18.24510802,4238.85135564,7.43982734,17202.21687265,0.46768294,1.21634054,2397.00008798,2.75530341,3.07569051,34.14515311,44.2727053,89.12349851,103.11829995,4.42747955,9.7307035,18.7801135,2.45055328,623.75606753,132.07787103,126.64765417,510.75270011,1782856.89057479,1.61475985,637.39959072,13.47691583,4633.78904056,47.7787189,29.33689812,1.21634054,89.12349851,9.71602678,32.23302417,58.4279841,1.21634054,1777.98378746,34.09057333,36.65265153,939.82655242,24.26193284,4.87260002,4.38627456,655.95699995,3.84014252,1.08214152,0.84384792,0.3693681,117.60860998,1.21634054,655.95699995,0.0006599,4948.88750353,2368.92656948,0.04801625,5.39486024,3.28668747,156.03281134,119.33174228,4.29949261,0.89220458,19.04793572,18.68711584,203.63738196,3.26760793,1094.7552165,90.78758696,18.68711584,1.55072932,1617.12597449,1.21634054,6.59254977,1198.23225248,17.20140517,1.57437075,702.98613635,67.22650882,4.0007238,1.69395498,101.28955704
2021-01-13,7.86549181,104.02524779,491.96774992,1832.96838012,1335.61783262,9.00464036,234.03861031,1.95583,89.65712933,133.68514903,0.89183279,4502.59308288,745.75200178,216.21336228,51.57351877,25.78508407,12352.5256443,2.48074292,142.85728106,12403.98801072,7.09485358,899.79334773,1.0,10.13428632,13.73964627,2819.27203684,24.4883684,8389.43571091,18.5491058,70.73764015,303.96295188,0.89183279,20.92054021,2.06578615,1.61270484,0.86207269,1.95583,10.77245858,360.61225137,47.78358745,4.46539063,799.40762611,161.49481059,195.07141077,0.89183279,9.42799944,62.88119759,4.55962284,28097.77923944,10.63911995,8.23482278,10.31914785,51128.73996477,,253.62507335,173.37904225,12735.93627612,3479.77651934,4.53523014,18.5491058,4.25564853,0.99703745,93.3350702,3.12852674,110.27000001,26.16236525,463.06321888,0.45717818,2.175811,61.66571851,11307.84059581,123.27317648,4.91719787,9.46379172,42.13690606,8.34619354,25.92401175,18.23849134,4230.17999781,7.43946758,17123.54313183,0.46751333,1.21589942,2391.80966219,2.75271234,3.06674885,34.14032043,44.25972956,88.86922617,102.93982253,4.4258739,9.72713823,18.72046569,2.44614024,623.53666691,131.19130987,126.3412868,509.43141486,1825956.5253394,1.61270484,638.89629017,13.41717881,4605.03413587,48.12977364,29.28380126,1.21589942,88.86922617,9.71083943,32.22133471,58.37555517,1.21589942,1768.40750572,34.05592958,36.51374732,939.45122345,24.06317275,4.87247581,4.39006846,655.95699999,3.80680315,1.07897097,0.84327808,0.36888424,117.60702003,1.21589942,655.95699999,0.00065448,4934.38893643,2349.5022222,0.04769267,5.38710737,3.28599361,156.41231724,119.33174218,4.2851051,0.89183279,19.03757579,18.5491058,204.34460554,3.26780289,1094.38741684,90.76890754,18.5491058,1.54533914,1614.96151674,1.21589942,6.43307967,1194.21783923,17.20058043,1.57065935,703.29743923,67.16198695,4.0071865,1.6911352,101.87307294
2021-01-14,7.86983707,104.10769386,491.96774998,1832.38632683,1333.26242554,8.96271959,234.01277472,1.95583,89.03529996,134.08839164,0.88794414,4498.89631494,745.429756,216.07919985,51.57859966,25.77553292,12455.10412603,2.47934313,142.85296406,12436.71031177,7.08688191,884.59750247,1.0,10.1008749,13.73529361,2818.80207486,24.52051577,8373.4111053,18.36905207,70.86524328,303.96483447,0.88794414,20.90956118,2.06516899,1.60970679,0.86179894,1.95583,10.78170684,359.28303699,47.74415732,4.46397266,790.65068714,161.36835828,195.02780939,0.88794414,9.42529646,62.95646305,4.55817494,28115.8429114,10.63574153,8.24112178,10.28457455,50878.835673,,254.23825605,173.45692222,12732.0939772,3476.52831139,4.54234519,18.36905207,4.26645192,0.99672091,93.70205118,3.12166901,110.27,26.15160752,479.83690228,0.45703301,2.17577245,61.67962462,11294.63762508,122.86737794,4.90574861,9.46206995,42.56241398,8.34412631,25.91231835,18.23269977,4208.46473934,7.43846078,17082.82776365,0.46736487,1.21551332,2395.48466096,2.76189733,3.05022003,34.13041783,44.21317646,88.86654065,102.92234278,4.42446848,9.72407861,18.64601989,2.44603998,623.34595284,131.5907208,126.00630893,510.38521164,1815095.64258791,1.60970679,640.42852293,13.4158771,4576.06768978,47.79415103,29.27735427,1.21551332,88.86654065,9.70805535,32.21110292,58.38783541,1.21551332,1774.09957836,34.04523717,36.43909863,939.26649461,23.98206751,4.87323877,4.38676089,655.95699989,3.87317803,1.07817585,0.84337287,0.36843091,117.60470364,1.21551332,655.95699989,0.00065772,4923.96911899,2357.96040973,0.04749869,5.38542534,3.28494984,156.60483636,119.3317423,4.26269143,0.88794414,19.03449871,18.36905207,204.4448062,3.27409872,1094.02620051,91.25078193,18.36905207,1.53602908,1613.16890623,1.21551332,6.35666807,1205.0130906,17.2027542,1.56052576,700.13494935,67.21787024,4.00549392,1.68253427,101.88443171
2021-01-15,7.83911044,103.71196597,491.96774979,1823.51151605,1334.68689153,9.00398927,233.50697951,1.95583,89.00478795,133.05164032,0.88948688,4481.60509052,741.37873211,215.03090744,51.29240951,25.62348473,12312.08017713,2.47561705,142.2512192,12374.96604778,7.07067627,887.44169225,1.0,10.12736542,13.668767,2805.18018533,24.66887704,8333.54868664,18.35637795,70.54602942,302.84782252,0.88948688,20.84540702,2.05512847,1.6075414,0.85762498,1.95583,10.7971075,360.37395065,47.5620043,4.44235227,795.27853641,160.58932791,194.02822144,0.88948688,9.37897927,62.65117086,4.5360983,27913.13639486,10.58422936,8.2003131,10.32786321,50784.33914378,,252.77198778,172.61684767,12668.64988337,3459.26845732,4.53834053,18.35637795,4.23369217,0.99189351,93.23782975,3.0867089,110.26999997,26.18601525,477.56985157,0.45481946,2.16522874,61.4709124,11235.815586,122.44491091,4.8826523,9.41869802,42.35701181,8.30432917,25.79165886,18.14439319,4192.93674479,7.43840591,16986.56240298,0.46510128,1.20962621,2383.79107652,2.74664558,3.02791885,34.03898424,43.98735328,88.49220482,102.44405009,4.40303942,9.66882769,18.55605117,2.43516175,620.32979468,130.70109406,125.56415581,507.30117499,1809672.47327247,1.6075414,635.62426529,13.33020036,4549.10070214,47.74758007,29.14476254,1.20962621,88.49220482,9.66034866,32.05509464,58.09099312,1.20962621,1766.38399178,33.85674414,36.37494672,933.28831997,23.89822494,4.87494149,4.37093158,655.95699999,3.95585271,1.07608683,0.84091781,0.36709281,117.60133466,1.20962621,655.95699999,0.00066087,4900.90251948,2365.84724204,0.04883029,5.38060202,3.26904001,156.60219302,119.33174218,4.244296,0.88948688,18.9458322,18.35637795,203.2246961,3.26129084,1088.73743728,90.26721839,18.35637795,1.53758965,1607.62542953,1.20962621,6.35919082,1187.03424838,17.11942538,1.5666425,697.02413493,66.9165082,3.9795861,1.69038748,102.21431677
2021-01-16,7.8264208,103.55664383,491.96774973,1820.54461434,1332.96698513,9.01676087,229.34751108,1.95583,88.49613133,132.89592943,0.8889824,4474.0169678,736.89532566,214.9462164,51.25174602,26.22389145,12187.37996772,2.47159123,142.03301157,12207.24820344,6.98595129,887.28999415,1.0,10.1361534,13.64653694,2798.62131958,24.50418047,8322.70676502,18.39713698,70.37261989,298.53711776,0.8889824,20.78599716,2.05301651,1.60637871,0.85622961,1.95583,10.79607496,360.25338229,47.51157312,4.43512444,787.902803,161.40547805,193.38673222,0.8889824,9.36367043,62.50468298,4.52871795,28036.423049,10.56700854,8.14595172,10.35085375,50748.00128503,,254.16856495,174.06975176,12661.08448801,3447.56345113,4.53645415,18.39713698,4.22680342,0.99028592,93.11629963,3.08581619,110.26999992,26.16971097,478.19262295,0.45407945,2.15851195,61.60267989,11258.57802391,123.08615695,4.87502943,9.4085053,42.28532819,8.31421205,25.82173756,18.11487178,4180.53408505,7.43531374,17011.31622462,0.46434455,1.20765812,2387.00142091,2.74818278,3.06877228,34.0215345,44.07329278,88.35646132,102.44602502,4.39587555,9.63046022,18.86699512,2.43386654,619.31430139,129.35550921,125.2973937,506.12837015,1808531.56779045,1.60637871,631.04193654,13.27920692,4540.11171356,48.10209408,29.13553518,1.20765812,88.35646132,9.64458055,32.00294015,58.03034458,1.20765812,1762.96818003,33.84764482,36.35708464,933.91783573,23.89978563,4.86705856,4.34979264,655.95699964,3.94955269,1.07646628,0.83841915,0.36708484,117.53477185,1.20765812,655.95699964,0.00066059,4888.82077156,2346.08348424,0.04874502,5.38098144,3.26147245,156.3548693,119.33174221,4.25811079,0.8889824,18.8902826,18.39713698,202.74858468,3.27088132,1086.89231797,90.32553617,18.39713698,1.53820204,1608.31930737,1.20765812,6.39307092,1174.8372454,17.01664545,1.56911348,705.85369214,66.54988706,3.97741663,1.69277258,102.04708421
2021-01-17,7.83312535,103.63294753,491.96774979,1822.15325101,1334.14839288,9.03308199,229.55016298,1.95583,88.63862296,133.01795407,0.8896604,4478.425727,737.40697208,215.15152321,51.29494338,26.27883825,12195.95777011,2.47377514,142.19800576,12218.09336933,6.98907939,888.15314182,1.0,10.14555551,13.65859504,2801.20712003,24.53606568,8331.53519894,18.40106609,70.43292825,298.09705385,0.8896604,20.78444602,2.05483056,1.60798351,0.85698617,1.95583,10.78107939,360.50159314,47.55355443,4.43904333,788.59899541,161.60928604,193.55724507,0.8896604,9.37281269,62.55991224,4.53271953,28067.85048338,10.57634557,8.1512014,10.35927872,50796.91060919,,254.41293523,173.30659084,12672.27184623,3451.23318634,4.53866233,18.40106609,4.23053823,0.99115912,93.203522,3.07679797,110.26999998,26.18552482,478.61515486,0.45448068,2.16036448,61.65567946,11273.24466569,123.19491611,4.87998942,9.41660108,42.32269159,8.32201047,25.84320462,18.13087812,4184.7427665,7.44457144,17008.39255133,0.46475484,1.20872521,2389.28930561,2.75082678,3.07172377,34.05702504,44.02234792,88.45910158,102.54024566,4.39975976,9.63896972,18.93781076,2.43591723,619.86152868,129.48058999,125.56806582,506.60810704,1810276.09858581,1.60798351,631.59952639,13.29094045,4544.12336487,48.16753791,29.16081238,1.20872521,88.45910158,9.65399707,32.03121801,58.09035794,1.20872521,1764.64577655,33.89203898,36.38700865,934.92501109,23.91706667,4.87072525,4.35369785,655.95699989,3.9540201,1.07761274,0.83915997,0.36746132,117.63325251,1.20872521,655.95699989,0.00066131,4893.2577753,2348.33633397,0.0487881,5.38409254,3.26355862,156.49302476,119.33174216,4.26187327,0.8896604,18.99916051,18.40106609,202.94311405,3.27442016,1087.85268731,90.41232782,18.40106609,1.53831468,1609.75120581,1.20872521,6.399541,1175.39593019,17.01902878,1.56822125,706.4773858,66.60714613,3.98093108,1.69258499,102.13725321
2021-01-18,7.84134599,103.94852498,491.9677499,1820.78319431,1334.55637111,9.03577785,232.65122839,1.95583,89.31874668,132.99478116,0.88928034,4456.88221744,740.59352624,214.73626438,51.13276924,25.60096802,12416.39090856,2.45498372,142.0927591,12223.85343062,7.04608903,885.74684492,1.0,10.13082459,13.64832804,2800.73442553,24.50218511,8320.12231144,18.3265519,70.50043669,302.14524963,0.88928034,20.93933592,2.05212521,1.60747828,0.85634181,1.95583,10.8035475,359.43748098,47.75929456,4.43570566,792.32304421,160.57374011,193.97994486,0.88928034,9.36478448,62.5579136,4.52931143,27881.20710447,10.56839333,8.20345153,10.37571405,50678.80100321,,253.67591127,175.07035045,12653.4249037,3453.37595115,4.53204346,18.3265519,4.22735722,0.99040197,93.45685115,3.08230663,110.26999995,26.16206745,478.50964368,0.45413896,2.16174396,61.73325126,11273.0525852,123.35134779,4.89353061,9.43561368,42.24041479,8.32386448,25.76088428,18.11724571,4201.19128614,7.44042999,17004.60226796,0.4644054,1.20781638,2379.6420997,2.75051548,3.04918501,34.1037453,44.21164385,88.39362929,102.57973825,4.39645163,9.71288301,18.51253904,2.43987133,619.3790697,131.32663973,125.21055553,508.31104367,1865889.96917635,1.60747828,631.09523852,13.36346645,4582.73387905,47.71652643,29.20281409,1.20781638,88.39362929,9.645728,32.00713409,58.04549361,1.20781638,1768.89332388,33.80500524,36.39218098,931.57749144,23.85299409,4.8739418,4.36378956,655.95699995,3.90520571,1.07566398,0.84021803,0.36641503,117.56884623,1.20781638,655.95699995,0.00065706,4923.38473465,2351.84755928,0.04831771,5.39892556,3.26398725,156.60409761,119.33174228,4.23794387,0.88928034,18.96151135,18.3265519,203.33356707,3.25432341,1087.0997032,90.66352628,18.3265519,1.54117567,1610.11146294,1.20781638,6.35865828,1198.62902854,17.08944832,1.57158923,698.81653507,66.80300491,3.97986964,1.69842648,102.04778553
2021-01-19,7.85669089,104.51715812,491.96775001,1828.01487683,1336.69303867,9.06562869,234.69087073,1.95583,89.3252934,133.62682857,0.8900216,4482.62575325,743.52900632,215.61511109,51.34112531,25.71130998,12401.62917202,2.48555539,142.68098321,12343.739045,7.07859078,893.57926104,1.0,10.12175707,13.70253459,2811.8371053,24.5705681,8340.9062555,18.13278598,70.58314631,302.99376282,0.8900216,21.00805659,2.06032086,1.61136628,0.85974298,1.95583,10.82705062,357.9616717,47.76534128,4.45332314,788.92539987,161.20011736,194.6592546,0.8900216,9.40069357,62.73600733,4.54730069,28053.64013207,10.61036827,8.22171709,10.34606053,50828.95725139,,253.48247058,175.50220553,12731.95126775,3467.22538758,4.53028246,18.13278598,4.2441457,0.99434393,94.48006425,3.08582676,110.27000001,26.14605777,480.41735997,0.45594268,2.17006732,61.92189979,11304.48006933,123.95521568,4.91101588,9.45720975,42.43611661,8.34997985,25.87829867,18.18920275,4229.21385704,7.43999146,17067.83262767,0.4662499,1.21261352,2390.7387489,2.76336494,3.0662173,34.18558339,44.27615358,88.7595541,102.89377594,4.4139132,9.69357384,18.72171764,2.44633641,621.86208414,131.98035286,125.93970806,509.27291006,1874970.56146578,1.61136628,632.90891679,13.40191403,4579.45524387,48.06849468,29.27607412,1.21261352,88.7595541,9.68271438,32.1342582,58.25843667,1.21261352,1767.81928303,33.96509868,36.37643052,934.83805196,23.84348474,4.87421495,4.37836014,655.95699984,3.94231932,1.07769888,0.84201615,0.36770897,117.99909239,1.21261352,655.95699984,0.0006583,4940.8327108,2359.17310856,0.04797928,5.41159476,3.27682437,157.0634895,119.33174227,4.25699023,0.8900216,19.04676582,18.13278598,203.70615176,3.25691019,1091.41438356,90.9975542,18.13278598,1.54251683,1616.06956397,1.21261352,6.4682693,1198.0871358,17.15186837,1.57409259,702.24193067,67.05005944,3.99263354,1.70390806,102.61750403
2021-01-20,7.83147683,104.5433267,491.96775,1825.75797898,1332.31403204,8.96130225,236.93931041,1.95583,88.94858233,133.47961614,0.88674968,4468.70863257,742.17028083,215.3903177,51.18813067,25.6927256,12353.42977771,2.47182291,142.01123538,12353.33467585,7.05763238,874.73131655,1.0,10.10572693,13.68560951,2808.07058232,24.64036276,8348.376687,18.02157997,70.45949766,302.29007184,0.88674968,20.99365324,2.05766021,1.60503541,0.85868153,1.95583,10.84617924,357.29948392,47.71645357,4.44782499,788.09865004,161.2485906,194.34730716,0.88674968,9.38764317,62.64337542,4.54168651,27927.34898114,10.59726853,8.21196992,10.29238351,50570.34959313,,253.68197522,174.70217877,12689.06275864,3458.68056978,4.5326119,18.02157997,4.25101963,0.99311688,94.27639167,3.07130238,110.26999997,26.10352528,460.18862761,0.45537977,2.16695247,61.61194038,11290.00782205,123.11372096,4.89869757,9.43766419,42.3828122,8.33756574,25.87215989,18.16674606,4202.43927674,7.43853935,17007.43869777,0.46567426,1.2111164,2387.93373281,2.75458507,3.06627317,34.21205093,44.03829137,88.34291472,102.73031641,4.40846371,9.68890817,18.7006851,2.44199503,621.07561444,131.48548367,125.41663554,507.36434483,1880269.752554,1.60503541,628.8940751,13.35038782,4570.34539769,48.12927145,29.21120616,1.2111164,88.34291472,9.66927246,32.0945847,58.17460281,1.2111164,1767.19727953,33.89777052,36.28688486,934.50765896,23.68971505,4.87434197,4.37271343,655.95700018,3.95691541,1.07755004,0.84092975,0.36724041,117.53446064,1.2111164,655.95700018,0.00064855,4906.14991274,2364.29601549,0.04709255,5.40163787,3.27257115,156.91649783,119.33174219,4.24952885,0.88674968,19.06837925,18.02157997,203.71253533,3.25802676,1090.06410004,90.46896684,18.02157997,1.53134705,1613.65361045,1.2111164,6.40516219,1193.40930914,17.12447598,1.56398189,699.22512184,66.95307304,3.99142561,1.69088747,102.70220399
2021-01-21,7.84626703,104.9326732,491.96775007,1830.45128024,1336.55797417,8.95320578,237.91583265,1.95583,89.765264,133.43585983,0.88499527,4476.88558997,740.73395422,215.85176899,51.13579907,25.71268217,12357.35883633,2.48242308,142.40286354,12295.39733096,7.09453668,872.25859277,1.0,10.07407617,13.72078521,2816.26885717,24.72192614,8344.24667485,18.10046235,70.53532739,304.03690035,0.88499527,21.03932543,2.06295014,1.6072883,0.86088886,1.95583,10.86604628,356.86810966,47.74256747,4.45925859,796.77501358,161.1877094,194.78256316,0.88499527,9.4123235,62.81656596,4.55336139,28004.96292356,10.62450992,8.23535715,10.24227224,50843.10422301,,253.7945287,175.64486867,12783.3055686,3471.30596871,4.53326808,18.10046235,4.24980636,0.99566838,94.92925767,3.08947767,110.27000003,26.08507248,461.36195032,0.45655037,2.17347107,61.75043465,11323.0976887,123.58913529,4.89322474,9.46015603,42.55352649,8.35694267,25.92374774,18.21344557,4224.59234959,7.43963943,17002.06454721,0.46687132,1.21422971,2391.78739859,2.75396811,3.06045005,34.25938235,44.21484991,88.58654029,102.96764837,4.41979613,9.71378968,18.63839882,2.44812469,622.67315256,131.70886179,125.77291238,508.70384028,1892307.01216269,1.6072883,630.4279799,13.43262765,4586.076977,47.92339848,29.29037832,1.21422971,88.58654029,9.6946932,32.17708718,58.36561054,1.21422971,1771.25685433,33.96210267,36.35660563,936.30706905,23.95657076,4.87488376,4.39392908,655.9570001,3.97464878,1.07706368,0.84168642,0.36770588,117.58375712,1.21422971,655.9570001,0.00065132,4927.84495938,2369.27610872,0.04712557,5.41650332,3.28148135,157.02721076,119.33174222,4.26044405,0.88499527,19.10105965,18.10046235,205.80175668,3.25602529,1092.87799769,90.60941071,18.10046235,1.53410605,1617.19972104,1.21422971,6.52725535,1195.81998106,17.18459675,1.56603723,700.73628361,67.08581426,4.0032299,1.68893042,102.96643948
2021-01-22,7.89375501,105.39662987,491.96775017,1835.99026337,1346.83559704,9.01736281,240.95258745,1.95583,91.51504483,134.01223816,0.89010234,4490.54288277,743.1118894,216.56779071,51.37685281,25.79562241,12370.89041981,2.50127325,142.87940987,12330.1721054,7.10591986,886.53606582,1.0,10.08288748,13.76228362,2824.62902055,24.77065737,8371.85061578,18.36295665,70.75912631,304.94858194,0.89010234,21.10438768,2.06919205,1.61649015,0.86349393,1.95583,10.87998429,357.45014639,47.88686807,4.4727524,792.2651456,161.70369581,195.6528121,0.89010234,9.44105726,62.95733738,4.56713996,28117.56302316,10.6566599,8.25631682,10.33113267,50952.65064838,,254.26214613,176.1716684,12818.03525185,3483.27541718,4.53786009,18.36295665,4.27480442,0.99868131,95.04292775,3.12356503,110.27000008,26.12143687,480.96844467,0.4579319,2.17994205,61.67044189,11343.97439417,123.96675388,4.92551007,9.48123866,42.68222079,8.37652562,25.9971057,18.26855983,4298.77877231,7.4389306,17114.74075949,0.46828408,1.21790399,2400.42019518,2.76176,3.0718892,34.31052927,44.28731045,88.88299212,103.20599234,4.43317052,9.74319015,18.69483113,2.45319664,624.55245033,131.82505384,126.37701194,512.6616433,2003234.35478341,1.61649015,631.95762046,13.34678388,4598.82686459,48.38803397,29.344042,1.21790399,88.88299212,9.72428898,32.27445571,58.56317866,1.21790399,1773.88759516,34.07034906,36.52585365,939.22374031,24.27386692,4.87562024,4.42572218,655.9570004,3.98451172,1.07824124,0.84454441,0.36874867,117.56690677,1.21790399,655.9570004,0.00065669,4936.4151562,2376.83950357,0.04781643,5.42715674,3.29141071,157.25743206,119.33174233,4.31118551,0.89010234,19.15130736,18.36295665,206.68392089,3.25791121,1096.19345536,90.89233508,18.36295665,1.54844673,1621.56486414,1.21790399,6.6416203,1199.00377948,17.23491915,1.57613175,702.1007645,67.32162928,4.01899869,1.69454609,102.94419109
2021-01-23,7.88928124,105.22552136,491.9677501,1834.93063408,1345.74823345,9.02457918,235.27736931,1.95583,91.59275184,133.98137768,0.88958974,4494.94152483,742.51451045,216.6638149,51.65289909,25.77521049,12369.51573139,2.48278597,142.8646049,12401.00631591,7.10164945,884.90214735,1.0,10.09848234,13.75437244,2822.07808525,24.81364642,8373.12899652,18.44578899,70.7081332,304.72072252,0.88958974,21.09129276,2.06919874,1.61717905,0.86299557,1.95583,10.88512714,357.7034295,47.87188893,4.47017098,793.38410852,161.4863733,195.47325947,0.88958974,9.43568684,62.91951201,4.56450406,28095.03890632,10.65050948,8.25115492,10.34446221,51153.86479035,,255.22870378,176.06856883,12786.60729272,3471.26649526,4.5399593,18.44578899,4.27237579,0.99811127,93.97033629,3.10391242,110.26999999,26.12822325,463.98684106,0.45766761,2.17579365,61.63375686,11332.84577312,123.65092084,4.92114963,9.47586643,42.65767905,8.37173139,25.96107393,18.25801626,4293.60535782,7.43990127,17160.75511778,0.46801382,1.21720108,2407.73609825,2.74457187,3.10911378,34.31635496,44.29432486,88.87378224,103.14397277,4.43061195,9.72204558,18.74359226,2.45175106,624.21131097,130.66908717,126.22628251,511.12615715,2006959.03158012,1.61717905,631.06091173,13.33904886,4587.49303856,48.34512798,29.32695553,1.21720108,88.87378224,9.71875745,32.25582872,58.51742102,1.21720108,1777.08700086,34.05412825,36.50707178,939.26307932,24.31089295,4.8752673,4.42008981,655.95700013,3.9833689,1.0775343,0.84384096,0.36836081,118.30488281,1.21720108,655.95700013,0.00065585,4935.65232343,2376.03795111,0.0475562,5.42428261,3.28888487,157.01689116,119.33174229,4.31270884,0.88958974,19.13569183,18.44578899,206.93102646,3.28506025,1095.48714374,91.14468809,18.44578899,1.54912872,1620.49731757,1.21720108,6.65462776,1198.7105754,17.22608056,1.57648858,701.93031484,67.08470076,4.01814347,1.69026403,102.88512498
2021-01-24,7.88873805,105.13451482,491.96774998,1834.82590052,1346.18099407,9.02057076,235.26394023,1.95583,91.46050251,134.00369223,0.88955502,4485.3729103,746.19435283,216.64907355,51.38709784,26.28274068,12297.49341316,2.48264425,142.83153489,12404.21068534,7.03815932,885.67132914,1.0,10.09922531,13.75358737,2820.70534304,24.52697497,8453.90996966,18.41965109,70.78803164,300.37857878,0.88955502,21.16070701,2.06908063,1.61728192,0.86294631,1.95583,10.85916138,357.53858869,47.88692449,4.46991583,793.338824,162.54317802,195.40496212,0.88955502,9.43583215,62.86949988,4.56424353,28262.52608899,10.64990158,8.26963851,10.34419833,51150.30426288,,255.2122397,175.13715768,12785.89547999,3470.30611633,4.53846841,18.41965109,4.27213194,0.99805244,93.96317234,3.10368896,110.26999994,26.10518434,464.10287623,0.45764148,2.17562411,61.41981334,11297.54223381,123.63503422,4.92189562,9.47279597,42.6570341,8.36791483,26.07784048,18.25697413,4292.67271102,7.43978067,17107.09438536,0.4679871,1.21713161,2407.56211902,2.74438323,3.10890618,34.53541455,43.55415789,88.85320986,103.24214008,4.43035906,9.72148891,19.04977979,2.45288147,624.17568244,130.66135259,126.31015044,511.87403087,2006802.39937121,1.61728192,631.02489225,13.3382875,4583.2055677,48.80325333,29.33267813,1.21713161,88.85320986,9.71890711,32.25398764,58.54718785,1.21713161,1776.93382872,34.09412442,36.50716478,941.42573871,24.3145969,4.87631558,4.38420693,655.95699979,3.98704465,1.0775032,0.8437928,0.36975599,117.58496899,1.21713161,655.95699979,0.00065582,4932.0328375,2367.01194908,0.04755348,5.41869454,3.28625581,157.03033461,119.33174217,4.31048216,0.88955502,19.12466069,18.41965109,206.91789058,3.27411258,1095.4184492,91.13792023,18.41965109,1.54970418,1622.599881,1.21713161,6.65514813,1183.767723,17.14325233,1.5779614,705.12408015,67.07986398,4.01791413,1.69352918,102.87925253
2021-01-25,7.86330147,105.47068779,491.96775017,1829.68627675,1338.92016728,8.9865665,239.92854126,1.95583,91.60962177,133.58209901,0.88805913,4471.11597806,740.87299122,215.84906567,51.20209942,25.78182008,12237.83953147,2.47564751,142.42976164,12373.17138661,7.06023221,888.57806041,1.0,10.08004797,13.80596489,2814.71988642,24.61804597,8370.86150806,18.48032446,70.40390728,303.09868285,0.88805913,21.11951449,2.06228931,1.61224507,0.86052907,1.95583,10.88162819,357.70537305,47.86068556,4.45739493,795.52914964,161.09240492,194.94685604,0.88805913,9.40843327,62.66865728,4.5514584,27975.87827658,10.6200696,8.25010495,10.38437574,50958.1452315,,253.71741313,175.42012955,12815.50666027,3456.26836112,4.54351216,18.48032446,4.24802931,0.99524267,93.66747376,3.1177283,110.27000001,26.12656502,462.40033117,0.45635956,2.17185377,61.61735145,11280.07034999,123.37781665,4.90865827,9.44226316,42.53520592,8.34926862,25.99930447,18.2058336,4371.74086333,7.43917364,17073.51438197,0.4666762,1.21372224,2393.58336238,2.77099667,3.05909065,34.21373916,43.50756427,88.60327318,102.86071274,4.41794895,9.72530611,18.70373954,2.44447412,622.38735076,131.49258401,125.95146642,510.80350771,2105022.20813496,1.61224507,629.21863972,13.30603512,4562.42832891,47.97924854,29.23614636,1.21372224,88.60327318,9.69068627,32.16363936,58.32935941,1.21372224,1773.23413523,33.98264327,36.40187955,936.74660696,24.4500437,4.87410101,4.40506836,655.95700031,3.97645236,1.07812521,0.84240796,0.36766858,117.54470317,1.21372224,655.95700031,0.00065571,4914.96282845,2369.7544062,0.0477828,5.40515218,3.27956626,156.95284238,119.33174226,4.28353389,0.88805913,19.06063027,18.48032446,206.74363854,3.2582324,1092.41996824,91.09241141,18.48032446,1.54737916,1617.40208534,1.21372224,6.64809198,1190.80864644,17.16285577,1.57547757,699.56036967,67.06016521,4.00608062,1.68747538,102.88686706
2021-01-26,7.85355485,105.72229589,491.96774987,1831.0103547,1340.23781078,8.93742095,237.33197726,1.95583,91.58309537,133.74408936,0.88478771,4474.61906953,740.99016201,215.91843989,51.01268786,25.72307657,12242.10023411,2.48351145,142.39023723,12379.70780578,7.08773139,891.16440677,1.0,10.08642512,13.84496685,2817.62588596,24.71774574,8348.12668781,18.35507169,70.59374404,304.07463161,0.88478771,21.13160248,2.06358004,1.61021372,0.8611518,1.95583,10.89074717,359.40911807,47.83014148,4.46062058,789.97564419,161.2725133,195.1772955,0.88478771,9.41620375,62.5947707,4.55475213,28000.75261635,10.62775496,8.25729812,10.38974397,50647.83690499,,253.56076996,175.70074182,12805.28865445,3473.03984637,4.54797762,18.35507169,4.24311644,0.99595225,93.74050935,3.1225594,110.27000001,26.05520667,464.0322638,0.45668981,2.17400726,61.61079549,11313.75053382,123.26396716,4.91693303,9.44732886,42.57797348,8.35552677,25.99736892,18.2190085,4373.24055035,7.4396524,17098.53723417,0.46701392,1.21460057,2394.29352485,2.7544175,3.06260978,34.22241719,43.73282594,88.57868565,102.93412938,4.42114606,9.71657793,18.71801647,2.44657485,622.87594204,131.91071872,125.94312627,512.69457364,2099310.3395766,1.61021372,638.29849613,13.31033225,4578.40623256,47.89601512,29.25562968,1.21460057,88.57868565,9.69868986,32.18691502,58.37996139,1.21460057,1776.11152095,34.03394555,36.39006007,939.55697361,24.39251738,4.87549067,4.4266836,655.95699991,3.96703604,1.07871065,0.84163197,0.36739764,117.58938775,1.21460057,655.95699991,0.00065753,4931.41314546,2375.59472534,0.04770929,5.41219977,3.28241738,157.00837678,119.33174226,4.29939358,0.88478771,19.10256559,18.35507169,206.61769227,3.25630024,1093.19806335,91.42763643,18.35507169,1.54378303,1617.44168457,1.21460057,6.52007048,1190.10595966,17.18835891,1.56997717,700.21261826,67.13871309,4.00809828,1.68016639,102.98673579
2021-01-27,7.84492212,105.38227981,491.96774977,1824.00706295,1339.97455423,8.93287884,233.38864389,1.95583,91.55601004,133.27303628,0.88381746,4447.25227948,740.86688643,215.14634559,50.77006024,25.65540541,12222.25253229,2.46630128,142.04039531,12327.87806999,7.04894873,894.00693327,1.0,10.10766292,13.75789043,2805.59986257,24.61219913,8410.3992485,18.41291769,70.25372182,302.93932348,0.88381746,20.92965987,2.05574394,1.60763927,0.85785805,1.95583,10.86098454,359.90487279,47.65811448,4.4435595,787.13119625,160.85828475,194.43598448,0.88381746,9.37952202,62.37166531,4.537331,27854.00922885,10.58710567,8.22263857,10.44597275,50819.95313168,,252.68660706,175.84441334,12709.11625062,3458.94956819,4.54740059,18.41291769,4.23802008,0.99214405,93.38930246,3.13792919,110.26999993,26.06579918,461.60130451,0.45494306,2.16510028,61.54645202,11278.81178292,123.06064121,4.89436894,9.40497547,42.42815176,8.31819107,25.92838715,18.14932401,4393.85236458,7.43735854,17041.27020355,0.46522767,1.20995493,2385.76692751,2.75068073,3.06009477,34.08909913,43.59350132,88.36105464,102.50573452,4.40423596,9.67805094,18.68008359,2.4362603,620.46622557,130.74914769,125.95288149,510.96415806,2158048.29351723,1.60763927,635.38393785,13.32422436,4574.49893155,47.968107,29.12760133,1.20995493,88.36105464,9.66090768,32.06380575,58.22317751,1.20995493,1764.78981852,33.86664522,36.28979768,935.08947916,24.45542584,4.87877733,4.40262751,655.95699961,3.95179344,1.07572869,0.84080005,0.36637594,117.6223062,1.20995493,655.95699961,0.00065718,4911.02319188,2363.80994387,0.04791785,5.38912161,3.26971614,157.06665098,119.33174221,4.2502802,0.88381746,19.00567674,18.41291769,204.84809715,3.2530476,1089.03191829,90.90508202,18.41291769,1.54660562,1609.11804234,1.20995493,6.55237929,1181.56335146,17.11006132,1.57562511,700.56138289,66.85638711,3.9848773,1.68564848,102.60446423
2021-01-28,7.81915821,105.71260136,491.96774993,1827.38316046,1348.47810899,8.91884436,233.34560769,1.95583,92.07385618,133.51624818,0.88324592,4471.62288069,742.11907393,215.4945246,51.1593023,25.69852985,12484.61440497,2.47644763,142.12677906,12362.75840467,7.05567669,894.82550125,1.0,10.0962432,13.80981143,2811.52418565,24.51211525,8412.45920819,18.29852048,70.33930512,303.50241495,0.88324592,20.97857998,2.05949156,1.61102665,0.85944588,1.95583,10.86713053,358.75197531,47.87946975,4.45178418,795.45244756,161.0309229,194.49212216,0.88324592,9.39858637,62.45661497,4.54572925,27784.03491117,10.60670159,8.24102155,10.43088429,50864.80990353,,252.81457227,176.65555652,12802.6214349,3450.93651703,4.54136997,18.29852048,4.2469363,0.99399936,94.91839672,3.17189544,110.27000002,26.05861919,461.261446,0.45578512,2.16979449,61.67282827,11307.24176415,123.845248,4.9041747,9.42561829,42.32772956,8.3408976,25.96610166,18.18291702,4328.4496981,7.43678758,17049.68253778,0.46608877,1.21219447,2383.78539072,2.77401329,3.04656231,34.13697369,43.69412695,88.4147926,102.74559077,4.41238786,9.73275129,18.60955479,2.44215233,621.61012254,132.18109469,126.4578242,514.11770414,2206609.23673119,1.61102665,637.01130739,13.36508988,4598.19152863,47.96748527,29.19475894,1.21219447,88.4147926,9.68054397,32.1231534,58.27350367,1.21219447,1772.55898974,33.96305071,36.32971123,936.57095269,24.53494739,4.8775936,4.41845788,655.95699981,3.98037421,1.07727999,0.8415522,0.36702738,117.64385386,1.21219447,655.95699981,0.00065773,4925.55586858,2355.85929411,0.04630781,5.40697212,3.27597871,156.08874381,119.33174227,4.25707002,0.88324592,19.04289454,18.29852048,207.24656029,3.25153704,1091.06099048,91.79960441,18.29852048,1.55300447,1611.83109614,1.21219447,6.55325248,1192.95307143,17.15523111,1.57967486,698.78597345,66.91222927,3.99409556,1.69033866,102.79680838
2021-01-29,7.80200556,105.93082514,491.96774998,1829.70802545,1353.27337078,8.87740707,231.24250284,1.95583,91.70506609,133.7456395,0.88456654,4465.38843013,743.67204862,215.81555921,51.3770921,25.72331326,12423.32515971,2.47329349,142.14144452,12356.89872856,7.07911217,889.86711921,1.0,10.11639508,13.82786951,2814.46907485,24.49019655,8443.69394082,18.37290184,70.43739257,303.49689341,0.88456654,20.99712206,2.06211193,1.61171887,0.8605393,1.95583,10.86132518,357.30293404,47.84744683,4.45744791,789.49456428,161.277031,194.50765505,0.88456654,9.41038902,62.49903248,4.5515125,27866.46927165,10.62019583,8.25170148,10.37376884,50624.44726881,,253.4664554,177.02956619,12777.60860559,3461.90917594,4.52164369,18.37290184,4.25234014,0.99526409,94.73127711,3.17210495,110.26999994,25.99349165,461.61226007,0.45636499,2.17201281,61.72394311,11314.6126515,123.78046723,4.9059935,9.43700458,42.31854325,8.36852742,26.01335997,18.20605,4313.74977137,7.43747048,17037.581884,0.46668175,1.21373667,2393.36472031,2.77060072,3.06444263,34.18017658,43.75034885,88.42391574,102.85531709,4.41800147,9.70986992,18.63088835,2.44473488,622.40010148,131.91535358,127.00476684,513.96781171,2209341.19511052,1.61171887,637.81401923,13.38183837,4595.72048585,48.10585528,29.22952128,1.21373667,88.42391574,9.69270069,32.16402167,58.326578,1.21373667,1771.60364397,33.98717222,36.26789206,938.43815137,24.58218549,4.87471741,4.40913429,655.95699989,3.97756671,1.0808093,0.84175345,0.36752226,117.54647194,1.21373667,655.95699989,0.0006532,4930.49146896,2369.03445914,0.04467639,5.41404835,3.28014729,156.04517875,119.33174224,4.26252457,0.88456654,19.06746647,18.37290184,206.22581392,3.25186147,1092.45390885,90.65477278,18.37290184,1.55054612,1614.09078399,1.21373667,6.62066329,1199.34554945,17.16796044,1.58427113,699.71846778,66.98640806,4.00524656,1.68574361,102.92508739
2021-01-30,7.80083674,105.96288848,491.96775002,1829.50559383,1357.3286635,8.87860561,236.77266898,1.95583,91.98437184,133.73738654,0.88551986,4471.64096508,744.74162329,216.02084061,51.2629925,25.79468184,12266.39988515,2.48758193,142.26109119,12269.64804817,7.02628195,891.79076629,1.0,10.14678946,13.71747671,2812.88705029,24.62691185,8463.49684245,18.39138067,70.36879539,303.85624279,0.88551986,20.99366775,2.06311267,1.61244817,0.86044409,1.95583,10.86619497,357.36196094,47.81522639,4.45695476,789.63049948,161.98824803,194.30805835,0.88551986,9.40929065,62.4922593,4.55100894,28106.41224907,10.61902086,8.25416064,10.39678133,51001.65732325,,255.44009863,177.20976041,12770.12445808,3465.29754674,4.52308896,18.39138067,4.25973285,0.99515803,93.69131221,3.16751889,110.26999999,26.03688382,461.1927434,0.4563145,2.16931536,61.69892504,11323.17585808,123.62161362,4.9051992,9.44088018,42.49820379,8.36711973,26.03669232,18.20403576,4331.26373306,7.4376186,17057.53829489,0.46663012,1.21360238,2401.69350787,2.73642462,3.09987429,34.27222315,43.81519292,88.49834599,102.8967791,4.41751268,9.73214795,18.80298314,2.44512189,622.3286522,130.98597698,127.08584471,513.86035706,2209021.20385796,1.61244817,628.99439857,13.37798757,4592.59694271,48.29270963,29.24006831,1.21360238,88.49834599,9.69156937,32.16046317,58.34445025,1.21360238,1771.78083817,34.02652089,36.27072538,936.20757164,24.9910983,4.87447025,4.38902957,655.95699985,3.97937236,1.08122788,0.84231121,0.36782082,117.73197704,1.21360238,655.95699985,0.00065726,4921.59408695,2364.77416994,0.04492458,5.41343179,3.27797909,156.14560934,119.33174222,4.30120385,0.88551986,19.05301197,18.39138067,206.3185561,3.26930436,1092.24219781,91.0307987,18.39138067,1.55019948,1615.1446194,1.21360238,6.62932153,1184.84118069,17.14173756,1.58777431,702.92930541,66.88478836,4.00429621,1.68598228,102.91335248
2021-01-31,7.79919358,105.97870931,491.96775007,1829.75439615,1357.40603827,8.87352701,236.80486872,1.95583,91.97708052,133.75911625,0.88560572,4475.23789767,746.04553004,216.05019987,51.41553505,25.86530461,12266.10235862,2.48792023,142.2939056,12272.07707265,7.00557063,891.85335463,1.0,10.1469385,13.71934221,2812.92958612,24.4583596,8481.28597875,18.39156829,70.33842893,300.92215475,0.88560572,20.96415262,2.06339324,1.61355764,0.86056111,1.95583,10.84297849,357.31328116,47.82197715,4.45756088,789.73788472,162.52453466,194.26432492,0.88560572,9.41060888,62.50075789,4.55162785,28184.8246875,10.62046498,8.25849538,10.42294649,51008.93602749,,255.47489795,176.51258155,12771.86350895,3465.62413064,4.51968076,18.39156829,4.26031629,0.9952957,93.70369329,3.16837123,110.26999996,26.03070759,461.95461095,0.45637655,2.16960987,61.66268249,11334.98418015,123.63133083,4.90639506,9.44657241,42.50506343,8.36898758,26.08411236,18.2065114,4331.94295932,7.43829679,17094.40286118,0.46669358,1.21376743,2402.03266345,2.73679822,3.10031322,34.35571314,43.8538453,88.5187593,102.95739708,4.41811343,9.73347154,18.96358563,2.44597826,622.41328535,131.00383495,127.07939977,514.34978732,2209321.62175739,1.61355764,629.07993822,13.3798069,4594.28389702,48.4842011,29.2558616,1.21376743,88.5187593,9.69292714,32.16483681,58.35916173,1.21376743,1772.0177876,34.05836079,36.29672199,934.50647645,25.00411626,4.87569374,4.37192103,655.957,3.98188765,1.0812135,0.84242576,0.36812799,117.68217176,1.21376743,655.957,0.00065796,4914.97758735,2361.23267586,0.04495429,5.41492466,3.27717453,156.14677029,119.33174222,4.29778519,0.88560572,19.13167933,18.39156829,206.34624822,3.26381649,1092.39068441,91.04328497,18.39156829,1.55099524,1616.48475973,1.21376743,6.63151845,1182.07855241,17.08792065,1.58852208,703.02489979,66.89378993,4.00484077,1.67884375,102.92734811
2021-02-01,7.80790157,105.75349683,491.96775003,1819.95070457,1349.7965308,8.64349826,231.4831676,1.95583,91.85808665,132.92582378,0.88283197,4449.30389548,740.23117787,214.6313608,51.03348001,25.57563255,12387.48733978,2.47357367,142.02178251,12342.69622876,7.03943155,888.47276453,1.0,10.17241762,13.74818182,2799.88574234,24.61627188,8401.7363629,18.14922571,70.03316757,302.13156125,0.88283197,20.84487913,2.05115887,1.60885708,0.85595028,1.95583,10.83606658,355.97641753,47.61209094,4.43367759,791.857466,160.46976098,193.73383958,0.88283197,9.35928747,62.16632758,4.52724056,27825.33883944,10.5635613,8.20708571,10.37188888,50520.11435208,,251.95298664,176.83785431,12707.32976386,3439.79405299,4.50825571,18.14922571,4.21756774,0.98995899,93.23455931,3.17689191,110.26999996,25.94709298,458.13680513,0.45393132,2.16075307,61.40634032,11250.71654506,122.96273446,4.8806641,9.38928227,42.12173811,8.32933341,25.87075315,18.10896223,4303.27410401,7.43710644,16952.31544152,0.46419307,1.20726415,2378.24531937,2.76993746,3.04304141,33.88564848,43.91466669,88.3494759,102.28282543,4.3944415,9.69302222,18.58375614,2.43225343,619.08663981,131.82170412,126.71975184,512.20854215,2194812.05291912,1.60885708,634.18529925,13.24510388,4574.84865783,47.78816856,29.07664849,1.20726415,88.3494759,9.64006609,31.99249995,57.99645876,1.20726415,1762.06509208,33.81367704,36.21620792,933.1704466,24.55863724,4.87635946,4.39128004,655.95699986,3.97793186,1.08220183,0.83970625,0.36568507,117.54702735,1.20726415,655.95699986,0.00064953,4903.18168862,2344.8084665,0.04217152,5.38475137,3.26257118,155.71542041,119.33174223,4.24023659,0.88283197,18.99166105,18.14922571,205.9832642,3.24632078,1086.62014283,90.8315447,18.14922571,1.54838235,1603.35665614,1.20726415,6.60737301,1196.62416896,17.08316234,1.58325667,695.90132097,66.63773266,3.98984664,1.68503803,102.37679515
2021-02-02,7.76167339,105.42547482,491.96775013,1812.27421156,1341.89812515,8.63039915,233.33853217,1.95583,91.0253033,132.26593316,0.88113056,4408.28572631,737.19238177,213.74091462,50.89491976,25.47858286,12323.49691886,2.46431579,141.01705784,12215.9370534,7.00260073,880.71566365,1.0,10.12433361,13.68510556,2787.61686965,24.50899201,8328.29512141,18.0098222,69.74292996,300.79021046,0.88113056,20.76320772,2.04252949,1.60275846,0.85233991,1.95583,10.80814393,355.50328676,47.39640319,4.41497648,782.8997253,159.81684391,192.75980152,0.88113056,9.31867256,61.94269141,4.5081448,27787.25153883,10.51900454,8.15173145,10.36667651,50370.93830519,,251.00384065,176.13320417,12677.74495193,3432.42315813,4.48200638,18.0098222,4.20140828,0.98578139,92.98376818,3.15947309,110.26999999,25.90851219,457.44063069,0.45201665,2.15154742,61.37550765,11206.21684634,122.48478672,4.86170562,9.34905857,42.02936808,8.29496049,25.82403382,18.03257922,4234.2181088,7.43763412,16860.2950946,0.46223511,1.20217195,2377.85059705,2.74356553,3.03359743,33.71944452,43.48051982,87.72445278,101.86576821,4.37590589,9.65069029,18.53754872,2.42175747,616.46581213,131.26381265,126.34826957,509.04183259,2166183.66322798,1.60275846,631.28275554,13.19049302,4546.82155597,47.75802449,28.95503439,1.20217195,87.72445278,9.59823273,31.85755662,57.61015805,1.20217195,1754.33289304,33.61911769,36.07266601,935.23303693,24.23679855,4.86967153,4.36788659,655.95700008,3.96866886,1.0804157,0.8374817,0.36433562,117.52606785,1.20217195,655.95700008,0.00065443,4882.87209983,2343.35486448,0.0449532,5.36366666,3.24873298,155.99902488,119.33174229,4.2053916,0.88113056,18.91499462,18.0098222,205.44645456,3.2507518,1082.03289437,90.41320009,18.0098222,1.54080017,1603.21276591,1.20217195,6.45614349,1189.92142963,17.00546126,1.58495021,694.48648009,66.35098909,3.9787754,1.68078165,101.93908876
2021-02-03,7.76904649,105.57272812,491.96774996,1812.63824266,1341.32007324,8.59291064,233.03628037,1.95583,91.19213671,132.16647197,0.88081084,4407.493099,737.43076544,213.78854196,50.90318758,25.5703685,12159.49098684,2.46828897,140.78501039,12236.58639095,6.9980005,882.12287883,1.0,10.11105475,13.68042431,2788.20418924,24.62233364,8301.85918295,17.96596955,69.77719162,301.06089656,0.88081084,20.76704068,2.04297418,1.60289696,0.85251112,1.95583,10.8090337,355.17147727,47.37396393,4.41586331,785.726722,160.17542361,192.83115178,0.88081084,9.32031811,61.92755929,4.50905035,27713.57634171,10.52111749,8.14198529,10.32753119,50539.84437266,,251.26783787,176.3638738,12671.76514404,3432.73514396,4.48448428,17.96596955,4.20415902,0.98597883,92.81324961,3.17864557,110.26999997,25.89852188,457.34570089,0.45210745,2.15189813,61.62906467,11212.3834506,123.04520079,4.87027461,9.35019237,42.11958309,8.30382551,25.84449686,18.03620142,4242.86257363,7.43755785,16847.87193854,0.46232796,1.20241343,2362.12435305,2.76396501,3.04521431,33.65005346,43.3142039,87.58009978,101.87017946,4.37678488,9.65489953,18.42854065,2.42221328,616.56840925,131.41628519,126.31035948,509.31656434,2149627.23647965,1.60289696,631.27198145,13.18895482,4526.21305845,47.7852924,28.95949705,1.20241343,87.58009978,9.59992765,31.86395584,57.80169691,1.20241343,1757.42433043,33.61959327,36.07778059,934.73046136,24.30539309,4.87475388,4.37270743,655.95700004,3.96668431,1.08136524,0.83790902,0.36427899,117.61143618,1.20241343,655.95700004,0.00065655,4890.22726971,2353.8564586,0.04462955,5.36780797,3.24923588,156.14563685,119.3317422,4.21350617,0.88081084,18.90041918,17.96596955,205.98903353,3.25314227,1082.17401277,90.54479742,17.96596955,1.53519916,1612.32633489,1.20241343,6.4456026,1187.48970223,17.00851442,1.57763211,695.79529321,66.30297564,3.97950398,1.67041499,101.95938039
2021-02-04,7.74853213,105.24829192,491.96775,1804.95997985,1341.45399877,8.52914677,231.54266369,1.95583,90.64404171,131.56261068,0.87636256,4387.75656809,734.6685765,212.93642149,50.82572282,25.64038866,12109.23561631,2.45625365,140.36165666,12186.87757587,6.95497125,884.22546986,1.0,10.12974896,13.61417195,2779.18978536,24.57003234,8260.99165488,18.01548215,69.47428969,299.18995241,0.87636256,20.70427039,2.0344193,1.60108679,0.84889992,1.95583,10.79125813,356.04459286,47.23075348,4.39715789,782.30270536,159.89823977,191.70031205,0.87636256,9.28228934,61.75935592,4.4899502,27746.13077603,10.47655046,8.10146233,10.34521589,50317.5742633,,250.40986669,175.73788923,12616.46557009,3414.13054901,4.50165159,18.01548215,4.18733589,0.98180386,92.45892909,3.1572739,110.27000003,25.87888477,455.12171324,0.45019234,2.14243177,61.47248435,11163.8343509,122.40114071,4.85963692,9.30949482,41.91484413,8.2620015,25.74071883,17.95980079,4267.38002422,7.43637901,16803.34469851,0.46036956,1.19732005,2367.51180203,2.7359539,3.02960849,33.42122038,43.14901346,87.31673822,101.4714613,4.35824499,9.58876806,18.33849393,2.41180944,613.95665023,130.42604921,126.23286729,505.18248977,2139346.08448725,1.60108679,621.71195436,13.14239939,4512.16496364,47.63085494,28.83479337,1.19732005,87.31673822,9.56075803,31.7289814,57.62845158,1.19732005,1748.26850506,33.5160478,36.02818828,929.92304882,24.48654346,4.8753184,4.34496436,655.95699999,3.93697708,1.08146287,0.83538495,0.36277861,117.43893171,1.19732005,655.95699999,0.00066803,4869.50456737,2341.39258341,0.04581173,5.34651606,3.2352914,155.8990775,119.33174217,4.21588683,0.87636256,18.75627245,18.01548215,204.90263636,3.23618462,1077.58773552,89.92386312,18.01548215,1.53624899,1591.3426048,1.19732005,6.49177705,1171.09669879,16.92880533,1.57589518,693.58256286,65.98655806,3.97380959,1.67263113,101.52757589
2021-02-05,7.7831077,105.90858261,491.96774997,1814.30619342,1344.62350294,8.50171784,232.89275478,1.95583,89.82855642,132.12607165,0.87758129,4406.36219828,737.97623242,213.95294226,51.31013748,25.49011656,12173.15357956,2.46648774,140.89247899,12230.27965887,6.99861077,887.25834139,1.0,10.09244482,13.71317465,2791.97107022,24.60680832,8276.2637097,17.92154791,69.84199277,301.35166518,0.87758129,20.77960521,2.04475344,1.60655722,0.85329558,1.95583,10.81815986,356.80744667,47.40606327,4.4199267,786.30041383,160.48774912,192.86774952,0.87758129,9.33018498,62.00962623,4.51319949,27792.38784085,10.5307988,8.15822148,10.2823078,50579.96895162,,251.19650413,176.38385064,12682.69889987,3430.46713495,4.48685903,17.92154791,4.20455434,0.9868865,92.90783228,3.16584624,110.26999998,25.78732991,457.30621369,0.45252347,2.15432512,61.96957531,11218.36868747,124.27009089,4.89674006,9.35757444,42.15325858,8.30582025,25.87929634,18.05279794,4260.12176855,7.43610168,16878.89743859,0.46275339,1.20351986,2378.5585289,2.75152509,3.03766178,33.34996936,43.32143582,87.64695426,101.97959143,4.3808123,9.62814583,18.42047792,2.42429322,617.13576225,131.84861262,126.8912407,506.07865748,2197331.15875715,1.60655722,624.61675639,13.21855062,4547.23467782,47.82446071,28.98481541,1.20351986,87.64695426,9.61009053,31.89327637,57.90827362,1.20351986,1756.35699819,33.66599724,36.14991149,937.3382465,24.23575376,4.87398345,4.37993999,655.95699979,3.958462,1.08268351,0.83822132,0.3643702,117.77811473,1.20351986,655.95699979,0.00066379,4896.53279847,2358.98880274,0.04465294,5.38093439,3.25253781,154.91162633,119.33174227,4.20808791,0.87758129,18.88710883,17.92154791,206.49340857,3.25433312,1083.14607568,90.44722882,17.92154791,1.53832079,1599.32452467,1.20351986,6.4422137,1182.36670661,17.03302123,1.57208097,694.58366096,66.35460802,3.99682756,1.67313368,102.05232634
2021-02-06,7.79008475,105.78460265,491.96774997,1815.95821443,1346.01574034,8.49467476,233.10501027,1.95583,89.8752735,132.14480761,0.87703513,4415.06642494,739.38048721,214.42120769,51.40222502,26.14001048,12192.49285779,2.47798181,141.01383071,12278.45589987,6.9533535,890.24334795,1.0,10.08681955,13.61640857,2791.69931758,24.45304999,8305.08778105,17.88055512,69.91680516,297.62560384,0.87703513,20.97838408,2.04783953,1.60754664,0.85407255,1.95583,10.81030995,356.59088102,47.63024152,4.42395127,785.9758757,161.21687842,192.68402844,0.87703513,9.33943358,62.0388766,4.51730899,27972.22865444,10.54038764,8.11690587,10.27330216,50624.35988322,,253.0294728,178.61782478,12699.19992564,3439.39650753,4.48163112,17.88055512,4.2282012,0.98778981,93.10549338,3.14404693,110.27000001,25.77769005,458.36677171,0.45293551,2.1532513,61.73507604,11250.85516147,123.95253954,4.9030824,9.35691991,42.22160411,8.32991264,25.98365325,18.06923596,4283.03846442,7.4343731,16929.23801955,0.46317475,1.20461573,2386.23538604,2.77369495,3.0690848,33.73483799,43.52244874,87.72244526,102.18065757,4.38480126,9.63692585,18.86516234,2.42766571,617.69769675,130.85427409,126.97107706,506.35424646,2198405.03753187,1.60754664,627.76135585,13.23057662,4475.20008386,48.30418596,29.02811602,1.20461573,87.72244526,9.61961659,31.92231687,57.89307826,1.20461573,1758.04876055,33.74946722,36.19444579,935.10918537,24.20697785,4.87627527,4.33897059,655.95699978,3.96451565,1.08298151,0.84047847,0.36559957,117.55837808,1.20461573,655.95699978,0.00066478,4897.39365134,2344.127633,0.04476927,5.39122332,3.25256923,155.09380166,119.33174219,4.25257676,0.87703513,18.87882849,17.88055512,206.58988652,3.26752668,1084.15415606,90.36952169,17.88055512,1.53675699,1600.70849452,1.20461573,6.46474768,1174.00524765,16.95825262,1.56967257,703.55183852,66.38938354,3.99619486,1.67285755,102.14610549
2021-02-07,7.79056469,105.79399149,491.9677498,1816.04455197,1345.97133367,8.49256713,233.11609296,1.95583,89.87958312,132.15095011,0.877025,4415.25228197,739.40899637,214.43143793,51.40473253,26.14203317,12194.72190688,2.47825748,141.04338673,12279.15877728,6.95361652,890.30237706,1.0,10.08650635,13.61705595,2791.82793576,24.45388084,8305.51560183,17.8846113,69.92006226,297.49727663,0.877025,20.97938145,2.0479369,1.60686129,0.85411316,1.95583,10.81030782,356.5025763,47.63260027,4.4241616,786.01324397,161.22569091,192.69269138,0.877025,9.3400232,62.04182617,4.51752376,27973.8654402,10.54088877,8.11723122,10.2764513,50626.4469801,,253.04229601,178.36425526,12699.80369376,3439.58081386,4.48070646,17.8846113,4.22840222,0.98783727,93.10963966,3.14419641,110.27000001,25.77533746,458.38859822,0.45295705,2.15335334,61.7276801,11251.48303978,123.95843271,4.90357145,9.35734976,42.22349944,8.33035496,25.98499016,18.07009504,4283.23706764,7.4346183,16943.11795296,0.46319677,1.204673,2386.34883955,2.77383087,3.0692334,33.73682404,43.52470152,87.74083157,102.18633925,4.38500973,9.63738402,18.8769746,2.427782,617.72706444,130.86046786,126.97352799,506.37808632,2198509.55804416,1.60686129,627.791202,13.23120565,4475.9461026,48.30705149,29.02950732,1.204673,87.74083157,9.6202239,31.92383458,57.8958153,1.204673,1758.11102995,33.75939337,36.19631554,935.15137982,24.20522171,4.87644097,4.33912162,655.95699964,3.96510944,1.08305088,0.84051843,0.36561818,117.56396725,1.204673,655.95699964,0.00066422,4897.61739251,2344.22978484,0.04475569,5.39174864,3.25261957,155.10117541,119.33174219,4.25256993,0.877025,18.85854767,17.8846113,206.59969353,3.26769163,1084.20570281,90.37381162,17.8846113,1.53640301,1600.78459827,1.204673,6.46835574,1174.0503739,16.95584742,1.56993178,703.60105812,66.39253994,3.99638485,1.67341862,102.1509619
2021-02-08,7.76789964,106.18684436,491.9677501,1815.78354945,1345.9405065,8.52415546,234.87317517,1.95583,89.55456801,132.00913526,0.87677058,4415.09717239,735.11801013,214.13130732,51.29295689,25.51007701,12344.32758159,2.47764941,141.14266546,12325.46822075,6.9875684,885.77519594,1.0,10.10408022,13.6567433,2793.21698794,24.57134144,8254.97609329,17.92478133,69.89272417,301.57441864,0.87677058,20.99851456,2.04644047,1.60550237,0.85399041,1.95583,10.7949169,358.5784943,47.66061377,4.42352576,780.55394866,160.58627195,192.86747778,0.87677058,9.33795108,61.89199078,4.5168745,27700.92648117,10.53937383,8.1270756,10.25330702,50631.79372239,,250.42478957,179.02662205,12690.94834198,3432.44392049,4.47651922,17.92478133,4.21977872,0.98768999,92.98061953,3.14752742,110.27000001,25.70243112,459.82621614,0.45289195,2.15597654,61.68424495,11179.65342688,123.65511862,4.91380609,9.3231947,41.80510463,8.27600998,26.01013769,18.067498,4277.83682553,7.43650467,16866.81822371,0.4631302,1.20449987,2383.74452192,2.75020474,3.03082228,33.29573087,43.36155583,87.80259126,101.5511698,4.38437952,9.67019479,18.51375762,2.4157246,617.63828451,131.2943307,126.68746819,504.42749842,2208878.3879355,1.60550237,625.19440272,13.16494513,4464.19297843,47.84684647,28.87108524,1.20449987,87.80259126,9.61808961,31.91924647,57.89793959,1.20449987,1761.26391177,33.73620348,36.11141977,937.95620108,24.22103585,4.87520192,4.38624206,655.95700031,3.92814832,1.08238286,0.8378134,0.36472361,117.63822376,1.20449987,655.95700031,0.00065538,4896.91090528,2360.45610861,0.04375602,5.36610759,3.25513275,154.36518775,119.33174231,4.24965954,0.87677058,18.86152003,17.92478133,207.25570851,3.24768163,1084.05386203,90.56775708,17.92478133,1.53646185,1600.77054583,1.20449987,6.39571891,1184.60805762,17.04527278,1.56378584,692.18176609,66.45258217,3.99891758,1.66775809,102.1416484
2021-02-09,7.78939604,106.87472726,491.96774996,1824.86067729,1345.10101064,8.57204422,236.92004913,1.95583,89.65441276,132.67354287,0.87747372,4442.95823455,739.72634406,215.2177346,51.58653212,25.64470795,12206.57228305,2.47699552,141.78972825,12379.84289839,7.02640363,889.16596487,1.0,10.0967921,13.74097899,2816.69343809,24.62678956,8275.46483262,17.87695428,70.22201248,303.07600416,0.87747372,21.10505812,2.05668673,1.60671664,0.85825952,1.95583,10.8084725,358.18686696,47.92324104,4.44563903,790.48609175,161.29541265,193.53214346,0.87747372,9.3838904,62.29972326,4.53945442,27804.79841877,10.59206031,8.16717853,10.25072615,50884.45565355,,251.89113848,179.66053905,12759.09024933,3456.55454677,4.47566902,17.87695428,4.24079065,0.99262767,93.449785,3.14638946,110.27,25.73369695,460.56244198,0.45515596,2.166683,61.67698658,11259.36845498,123.80310213,4.90702264,9.3716561,41.99343067,8.31938242,26.14132792,18.15781768,4339.88609426,7.43714977,16929.6410019,0.46544539,1.21052118,2392.74355181,2.76897951,3.05070584,33.53900824,43.60658119,88.20511864,102.07939244,4.40629709,9.70923327,18.66472613,2.42817711,620.72586709,131.51040496,126.64422294,506.76079008,2190593.23986386,1.60671664,628.27790881,13.2160679,4499.87821509,48.1402836,29.04154376,1.21052118,88.20511864,9.66540711,32.07881124,58.21729059,1.21052118,1770.12696691,33.88838438,36.21748192,941.92098178,24.32299977,4.87532727,4.41039705,655.95699994,3.93444397,1.08099977,0.83992137,0.36623738,117.59610719,1.21052118,655.95699994,0.00065948,4924.59779797,2372.46065182,0.04430645,5.40758762,3.27136394,154.51460128,119.33174224,4.23170117,0.87747372,18.95554057,17.87695428,208.48271438,3.25435291,1089.46524013,91.06040363,17.87695428,1.53872138,1608.7728206,1.21052118,6.57023377,1191.130071,17.12922776,1.56717976,698.2521275,66.82114291,4.01106289,1.67433821,102.64157709
2021-02-10,7.83446831,107.19811329,491.96774989,1829.01702966,1341.75188163,8.5600368,238.91231425,1.95583,89.53025157,132.81486394,0.87601628,4450.42725688,743.11212602,215.71081508,51.80908974,25.70760211,12470.32117872,2.47968677,142.02674802,12402.32765317,7.04601271,880.65022706,1.0,10.08073773,13.80709497,2813.2919472,24.48582626,8281.45164408,17.85710494,70.13940954,303.54475273,0.87601628,21.20779194,2.06139913,1.60845457,0.86021431,1.95583,10.82909778,356.86461922,48.16813911,4.45576454,786.2211648,161.39381301,194.24649653,0.87601628,9.40577475,62.43895432,4.54979361,27883.49493503,10.61618508,8.21445636,10.24547826,50988.85609516,,253.35692313,179.89341315,12817.28346076,3464.81304083,4.48931007,17.85710494,4.23857958,0.99489048,93.68389197,3.12677889,110.26999999,25.77206002,462.08474299,0.45619264,2.17147516,61.68520304,11304.98438783,123.89745648,4.9053686,9.41884934,42.25622265,8.37459606,26.20267122,18.19917442,4321.90298281,7.43764643,16971.51232729,0.4665055,1.2132783,2401.02515076,2.77099844,3.05962042,33.8758903,43.74146582,88.35256487,102.77481619,4.41633299,9.74103476,18.71344393,2.44295431,622.13964923,131.40210303,126.98714507,507.08103988,2184518.76183907,1.60845457,629.93956701,13.30361298,4594.74920103,48.23249433,29.201246,1.2132783,88.35256487,9.68794798,32.15187481,58.30838512,1.2132783,1770.63317463,33.99309547,36.25528773,944.5815055,24.33134666,4.87539513,4.41463011,655.95699967,3.94863241,1.07885791,0.84113455,0.3668347,117.62604403,1.2132783,655.95699967,0.0006589,4935.62123966,2356.3941424,0.04488454,5.41646111,3.27874733,155.21053042,119.33174227,4.26405324,0.87601628,18.99657634,17.85710494,208.88264623,3.26586058,1091.97354119,91.25274813,17.85710494,1.53814196,1612.43700538,1.2132783,6.503133,1202.12509378,17.16612692,1.56832745,699.70118718,66.86869651,4.00711222,1.67998036,102.70590945
2021-02-11,7.83121011,107.25028935,491.9677498,1827.85961639,1337.62227383,8.5329224,235.57394107,1.95583,89.35755997,132.69194866,0.87746206,4444.92443631,741.7599116,215.59268575,51.80512115,25.71542936,12421.8422307,2.46373239,141.71329296,12399.31298917,7.03333105,879.26902627,1.0,10.09724895,13.8016108,2811.74172875,24.49423405,8264.24877217,17.75476002,70.31311399,303.19174835,0.87746206,21.17861331,2.06014588,1.60704307,0.85966996,1.95583,10.83797199,357.83404042,48.06042841,4.4529449,790.57173842,161.41364194,193.29001555,0.87746206,9.40047162,62.42492008,4.54691447,27905.46582224,10.60946709,8.2134629,10.26396446,50955.93825776,,253.26682406,179.63073798,12774.802638,3462.44072567,4.50333093,17.75476002,4.23851558,0.99425954,93.61262999,3.12541657,110.27000002,25.76497111,462.03774702,0.45590396,2.16983943,61.60644401,11309.90137928,123.7794715,4.90188255,9.39907621,42.26444436,8.36752968,26.19257469,18.18765787,4274.10887634,7.43754677,16948.00787859,0.4662103,1.21251053,2396.94345712,2.76757252,3.06469233,33.67271645,43.72138478,88.15756952,102.66017919,4.41353831,9.67313911,18.69235633,2.44036774,621.74595542,131.39136405,127.03231958,507.18397528,2164213.6401523,1.60704307,629.83298143,13.28532898,4573.4030228,48.2413281,29.17095792,1.21251053,88.15756952,9.68248577,32.13152891,58.26519725,1.21251053,1769.53134201,33.98146488,36.20787537,942.58395784,24.20246819,4.87559257,4.41297065,655.95699974,3.94065666,1.08012218,0.84052245,0.36672826,117.54764882,1.21251053,655.95699974,0.00066275,4931.39994373,2377.25325435,0.04492441,5.4108605,3.27649757,155.60351841,119.33174224,4.26662305,0.87746206,18.94844553,17.75476002,208.79877186,3.25529769,1091.27408106,91.19371666,17.75476002,1.53891566,1611.41664528,1.21251053,6.5359874,1200.19329052,17.15137176,1.56370654,700.101619,66.82669928,3.98764364,1.67697643,102.09238923
2021-02-12,7.83014405,107.36556946,491.96775011,1828.05681849,1338.30099813,8.51536439,235.48274446,1.95583,89.46223067,132.73803153,0.87522925,4444.15857532,741.80927729,215.68265399,51.74940324,25.74032402,12233.75835342,2.47383256,141.5546183,12383.84772297,7.02660232,873.54849622,1.0,10.06821969,13.81992118,2811.86141664,24.50451997,8237.78307834,17.61841374,70.32703602,303.62572041,0.87522925,21.14015792,2.06033399,1.60579218,0.85976271,1.95583,10.8456315,358.72845095,48.06985586,4.45342532,786.29271642,161.64621406,192.83704015,0.87522925,9.40175207,62.41595431,4.54740502,27856.09755286,10.61061171,8.21997044,10.25026421,50962.66482256,,253.90500505,180.04860721,12759.55641447,3457.40357071,4.49628381,17.61841374,4.25088082,0.99436755,93.63774726,3.13792143,110.26999999,25.73340684,461.75847042,0.45595314,2.1694581,61.70739589,11321.48292202,123.75745215,4.90246797,9.398483,42.3407109,8.37359785,26.23522524,18.18962008,4253.3074183,7.43642366,16956.58544797,0.46626059,1.21264134,2400.39939804,2.76190753,3.05449914,33.88640576,43.75029368,88.05886055,102.75054232,4.41401447,9.74433837,18.66943834,2.44198216,621.81303366,130.97479654,127.26187035,508.16378462,2140710.09809853,1.60579218,629.37875934,13.18552414,4565.48801016,48.30810065,29.19094878,1.21264134,88.05886055,9.68380463,32.13499548,58.29162918,1.21264134,1773.05955765,33.98345628,36.22390379,941.8272817,24.17179314,4.87464192,4.42097832,655.95700033,3.94370911,1.08051065,0.84100787,0.36687601,117.61576246,1.21264134,655.95700033,0.00066444,4931.62747953,2370.14782109,0.04438402,5.40805425,3.27718745,156.18789972,119.33174225,4.25113894,0.87522925,18.9300741,17.61841374,209.08364572,3.2673595,1091.37439601,91.06026432,17.61841374,1.53926878,1611.59049603,1.21264134,6.50903083,1195.31341355,17.13930221,1.56215349,702.75805714,66.86173474,3.98981848,1.67783998,102.10925616
2021-02-13,7.82673847,107.20307298,491.96775019,1827.36244741,1337.2610805,8.52780908,235.50215733,1.95583,89.23040147,132.73178003,0.87533768,4441.52371735,742.22760883,215.8862465,51.75968539,25.82703277,12271.60704117,2.45381284,141.41804011,12343.92824899,6.99830673,874.75929881,1.0,10.06676607,13.70354463,2809.29195694,24.4865194,8194.8433913,17.6372823,70.31847889,300.24830784,0.87533768,21.01440428,2.06069595,1.60600202,0.85943614,1.95583,10.8538055,358.63333482,48.05039182,4.45173372,785.47939829,161.87469552,192.42062854,0.87533768,9.39749949,62.35779558,4.54567773,28141.21298626,10.60658137,8.21928956,10.24884681,50942.25202672,,254.28878031,179.66812666,12765.55182879,3455.86845139,4.49710973,17.6372823,4.25475275,0.99399409,93.64090676,3.13954649,110.26999999,25.73386635,461.27278683,0.45577995,2.16677398,61.62391207,11328.8960869,123.70132926,4.90114399,9.39605668,42.48133314,8.3815658,26.27661399,18.18271092,4238.38728351,7.43924982,16977.05167752,0.46608349,1.21218073,2401.22043793,2.73321987,3.05335689,33.88616231,43.7930299,87.97389743,102.81588213,4.41233785,9.68194205,18.9395646,2.44267487,621.57684352,130.14896731,127.20688195,507.83811747,2139360.63430656,1.60600202,635.51232009,13.30395793,4571.32457454,48.59190982,29.198186,1.21218073,87.97389743,9.67942448,32.12278929,58.25586199,1.21218073,1769.05182176,34.0199928,36.21916839,941.32435689,24.17495393,4.88154342,4.41814364,655.95699999,3.94436138,1.08064201,0.8413537,0.367388,117.58147804,1.21218073,655.95699999,0.00066451,4912.55052555,2359.93165588,0.0443031,5.39938914,3.27339934,155.70302073,119.33174225,4.29365142,0.87533768,18.91408145,17.6372823,208.49425074,3.27868418,1090.96261996,90.84085398,17.6372823,1.5389821,1610.97834775,1.21218073,6.50928432,1182.95459846,17.07718823,1.56273529,708.90213678,66.80630965,3.99413226,1.67879252,102.06558447
2021-02-14,7.82345958,107.20026714,491.9677497,1827.15296822,1336.69211281,8.52473708,235.47516061,1.95583,89.14275847,132.72061234,0.87553828,4441.30838702,742.19174977,215.86151051,51.75501422,25.82869582,12261.41485819,2.45318413,141.40127845,12341.97076087,6.99554594,874.62555473,1.0,10.06290659,13.70197373,2808.91882485,24.54117799,8191.864041,17.6224393,70.31131128,299.56796546,0.87553828,21.01195509,2.06045972,1.60594718,0.85933761,1.95583,10.82962922,358.48546549,48.04522424,4.4512234,785.38935507,161.88298763,192.39367052,0.87553828,9.3972976,62.35064721,4.54515664,28144.97302848,10.60536549,8.21844929,10.24701111,50936.43323251,,254.25948384,181.19452396,12764.08845332,3455.52289223,4.49461888,17.6224393,4.254265,0.99387979,93.63020343,3.13918805,110.26999997,25.7224715,461.47689896,0.45572771,2.16652564,61.60824325,11328.54863833,123.68896518,4.90036162,9.39504553,42.48001455,8.38135081,26.27562329,18.18062655,4236.75905693,7.43598822,16986.25919196,0.46603006,1.21204177,2400.94569453,2.73290666,3.05300288,33.88252174,43.79093723,87.96347026,102.81134779,4.41183204,9.68082968,18.99169841,2.44250355,621.50558924,130.13404768,127.21384541,507.77345035,2097391.79408111,1.60594718,635.43946831,13.30243283,4571.46627966,48.59930409,29.19612496,1.21204177,87.96347026,9.67921653,32.1191069,58.25016291,1.21204177,1768.87539227,34.02761682,36.25569556,941.08970231,24.17354649,4.88114841,4.41767717,655.9569996,3.94457626,1.08043394,0.84125725,0.36742802,117.56799912,1.21204177,655.9569996,0.00066426,4911.0245821,2359.06936377,0.04429557,5.39689299,3.272513,155.6696599,119.33174216,4.29224792,0.87553828,18.87578331,17.6224393,208.47036788,3.27855447,1090.83759311,90.83043985,17.6224393,1.53891141,1610.79367369,1.21204177,6.51049066,1182.22017159,17.06481504,1.56281597,708.82087198,66.79865115,3.99367439,1.67727203,102.05388421
2021-02-15,7.83866794,107.34735212,491.96775012,1829.65288864,1338.28837893,8.45251345,236.1899888,1.95583,88.93443265,132.84415896,0.87198725,4443.69734455,741.80984706,215.75813015,51.73211437,25.72996017,12213.87260115,2.46048502,141.69169593,12602.37903488,7.04148405,873.15948703,1.0,10.04343706,13.82467114,2815.44134206,24.70001008,8272.48457115,17.54271435,70.19579605,303.89998053,0.87198725,21.19520946,2.06205074,1.60473829,0.86051336,1.95583,10.83564348,357.54809764,48.03709516,4.45731359,792.36803906,161.6016282,193.28716747,0.87198725,9.40947013,62.49726965,4.55137534,27844.60616068,10.6198758,8.23130324,10.1737272,51006.07836662,,253.38547669,179.94911969,12824.19354365,3465.32960676,4.48284844,17.54271435,4.25221184,0.99523395,93.69940534,3.13315312,110.26999999,25.67141284,462.60532184,0.45635123,2.17249418,61.65981172,11310.69284751,123.83574212,4.89693884,9.40537162,42.36767623,8.37740918,26.2464462,18.20550138,4242.04250068,7.43655454,16890.74649647,0.46666769,1.21370009,2393.53362531,2.77353988,3.044595,33.71065943,43.74617601,88.14413435,102.80887915,4.41786834,9.68632085,18.63075093,2.44414569,622.35593649,131.43341148,127.86262096,506.46872219,2093773.10564466,1.60473829,629.90669917,13.20276272,4591.62785287,48.20636854,29.21481188,1.21370009,88.14413435,9.69175424,32.16305244,58.17998207,1.21370009,1771.24816852,34.00114128,36.27905507,946.91248192,24.22030738,4.87473284,4.42376294,655.95700016,3.93692868,1.08008088,0.84107571,0.36714882,117.6402954,1.21370009,655.95700016,0.00066672,4934.93346826,2356.72071342,0.04393568,5.41277761,3.28004588,155.60542771,119.33174225,4.25498692,0.87198725,18.95802761,17.54271435,209.22818801,3.25180854,1092.33260849,91.25429429,17.54271435,1.53330596,1612.99757017,1.21370009,6.5171615,1192.40126441,17.1770276,1.55836139,699.10581855,66.88610351,3.99058957,1.67715154,102.5699769
2021-02-16,7.818902,107.10041623,491.96775003,1825.29858343,1340.61534594,8.45443514,236.7035692,1.95583,89.33924294,132.48848808,0.87046732,4427.45764937,739.48850892,215.30777897,51.60930684,25.66929736,12200.54045925,2.45426792,141.82850176,12355.28529736,7.03188868,870.38300624,1.0,10.04621887,13.78913318,2808.46744648,24.67034511,8257.2693529,17.76974331,70.17980252,303.17179976,0.87046732,21.1444055,2.05714456,1.60686697,0.85846547,1.95583,10.82745416,358.84791472,47.99575294,4.44670584,783.88890239,160.77019486,193.32156272,0.87046732,9.38646907,62.34149669,4.54054374,27818.389335,10.59460206,8.21547605,10.2228252,50920.9699625,,252.80657311,179.52008128,12747.89360854,3456.04090346,4.49676847,17.76974331,4.24209248,0.99286556,93.59094928,3.13351186,110.27000007,25.79960143,461.49086602,0.45526519,2.16734444,61.37776732,11273.8204754,123.54541856,4.88017009,9.38273024,42.26725105,8.36232557,26.19633388,18.16217496,4264.14310338,7.43655553,16898.2061348,0.46555708,1.21081166,2388.02039689,2.77042806,3.03221836,33.78858689,43.61242303,88.22923907,102.61001734,4.40735446,9.64787939,18.65867176,2.43911929,620.87482075,130.92251872,128.17571287,504.82822162,2089115.57249269,1.60686697,628.44033396,13.17117676,4561.99408221,48.58000879,29.15439771,1.21081166,88.22923907,9.66806314,32.08650909,58.50159219,1.21081166,1767.06804444,33.9395365,36.25797881,944.647758,24.47627797,4.87500354,4.41860765,655.95700013,3.92500001,1.08017468,0.83972842,0.36626425,117.00244875,1.21081166,655.95700013,0.00067362,4927.83441604,2351.72429392,0.04456096,5.3965818,3.2722393,155.72090922,119.33174229,4.27726011,0.87046732,18.9112184,17.76974331,208.72449971,3.27112343,1089.7172037,91.0365026,17.76974331,1.53711242,1609.1588728,1.21081166,6.50310088,1186.29950143,17.13605185,1.56044562,698.10894866,66.76741325,3.98884381,1.6792877,102.27105963
2021-02-17,7.77609768,107.1183911,491.96774981,1815.30626138,1334.03008102,8.41531552,236.33900041,1.95583,89.01967317,131.85353215,0.86977523,4406.73721526,736.07908771,214.11372719,51.33498812,25.61343634,12403.01033713,2.44592901,140.96186172,12296.70487184,6.98465901,860.32980867,1.0,10.03851887,13.72338459,2792.75309875,24.58862654,8167.68736211,17.68230517,69.8115084,301.14645335,0.86977523,20.95520519,2.04588504,1.60057058,0.85376593,1.95583,10.78261267,358.8061808,48.59554587,4.42236302,786.17261401,160.31038634,192.30819001,0.86977523,9.33573323,61.88754991,4.51568722,27815.53921517,10.53660351,8.16839614,10.25633364,50611.95121319,,251.78560356,178.53424509,12691.89263179,3438.46018415,4.49867923,17.68230517,4.21882586,0.98743032,92.97077381,3.12929402,110.26999995,25.83863461,458.91675083,0.45277291,2.15495008,61.1636054,11261.57905294,123.04898866,4.86435439,9.32998748,42.27181338,8.32136986,26.05929354,18.06274887,4258.78332613,7.43687376,16894.92921726,0.46300846,1.20418326,2383.54165649,2.75859886,3.02986185,33.52932339,43.40348343,87.69011616,102.07608945,4.38322706,9.59537263,18.53243147,2.4261565,617.4759351,130.27422242,127.44584828,501.97709253,2077582.51012429,1.60057058,624.97469465,13.03886051,4509.62424079,47.91049667,28.99639223,1.20418326,87.69011616,9.61580522,31.91085633,58.36601153,1.20418326,1757.60470098,33.73922132,36.15174303,939.25751256,24.30168483,4.87568613,4.40032169,655.95699984,3.93455477,1.08208182,0.83790763,0.36438276,117.51208381,1.20418326,655.95699984,0.00067713,4891.40811111,2358.05817626,0.04416333,5.36492436,3.25432012,155.81300733,119.33174227,4.22900054,0.86977523,18.81615331,17.68230517,207.9099044,3.26570513,1083.7552029,90.42775877,17.68230517,1.53092338,1600.34977503,1.20418326,6.51157463,1197.63675394,17.03358119,1.55561229,696.17453458,66.39501934,3.97956954,1.67755735,101.60930801
2021-02-18,7.83634153,107.55336115,491.96775014,1820.83504778,1339.2300675,8.45041571,236.13610281,1.95583,89.43582919,132.30957842,0.86551159,4422.23767439,737.88523155,214.76335879,51.72470739,25.60515544,12406.29839235,2.45003094,141.05062925,12323.67004217,6.99028688,860.04004736,1.0,10.05943174,13.77149109,2800.79198884,24.52858264,8202.02956767,17.68504186,70.04461084,302.05558988,0.86551159,21.02881738,2.05211865,1.60402765,0.8563662,1.95583,10.79155275,359.07751759,48.0622196,4.43583198,789.16006306,160.74439831,192.06100615,0.86551159,9.36439307,62.16708865,4.52944042,27857.99676344,10.56869431,8.18408087,10.24740251,50763.42689654,,252.54088363,180.85015558,12711.74128439,3442.27972306,4.49339969,17.68504186,4.23190987,0.99043774,93.4399992,3.13880576,110.26999999,25.93121463,460.32859036,0.45415189,2.16145316,61.64665732,11283.47553789,123.80478583,4.88256305,9.35154793,42.19165572,8.34504985,26.14383734,18.11776167,4279.67521659,7.43635032,16963.74007662,0.46441862,1.20785078,2376.62662158,2.77011177,3.03619865,33.66641658,43.50757865,87.745337,102.39026718,4.39657683,9.67036505,18.62312201,2.43362403,619.3565503,130.79719454,127.66318458,503.16992747,2075113.73469687,1.60402765,626.90934503,13.08520264,4527.6655081,48.05442428,29.08610399,1.20785078,87.745337,9.64532487,32.00804561,58.659147,1.20785078,1762.5635723,33.74497658,36.27599877,942.19255909,24.69022706,4.87600822,4.40903916,655.95700027,3.95463691,1.08319647,0.83943598,0.36567042,117.59437138,1.20785078,655.95700027,0.00067985,4918.57899284,2364.13387775,0.04463976,5.37965641,3.26422475,155.81670461,119.33174224,4.25802328,0.86551159,18.91054947,17.68504186,208.77987502,3.25061308,1087.00735117,90.65031681,17.68504186,1.53448058,1605.22387934,1.20785078,6.57196111,1197.42246645,17.0848548,1.5587366,696.44811265,66.56314932,3.98827195,1.67730568,101.95817262
2021-02-19,7.86337189,108.19975613,491.96775005,1829.42434862,1341.11837693,8.45165503,237.27684854,1.95583,89.75726501,133.11802955,0.86548578,4450.31661722,740.81185986,215.81830293,51.97392101,25.81645775,12198.49635736,2.45781021,141.45169316,12404.22804149,7.01451521,859.16799839,1.0,10.03301948,13.82507392,2813.94025739,24.60424335,8270.76959687,17.75541811,70.3356797,303.79215225,0.86548578,21.1258666,2.06180521,1.60602427,0.86040588,1.95583,10.80957184,358.50684839,48.3473329,4.45675683,791.74981276,160.95618738,192.97784837,0.86548578,9.40883234,62.45240337,4.55080684,27866.41395885,10.61854929,8.23152886,10.25262601,51030.31172793,,253.37566547,181.77330758,12782.84373509,3456.77243452,4.48186652,17.75541811,4.24021244,0.99510978,93.68177264,3.14301468,110.27000003,25.85498634,462.28051016,0.45629423,2.17212103,61.90464935,11331.72970849,123.75349827,4.90327805,9.38715387,42.48266749,8.38186681,26.28045441,18.20322735,4317.94242876,7.43680817,17071.43685824,0.46660939,1.21354849,2401.80996,2.78406256,3.04312068,33.81626088,43.65296836,87.99483248,102.82918647,4.4173165,9.71011533,18.68546826,2.4448258,622.27819867,131.32395037,128.13469867,506.62028187,2084092.82007193,1.60602427,629.90097096,13.14372817,4568.17618425,48.22436694,29.21569949,1.21354849,87.99483248,9.69109731,32.15903498,58.83901595,1.21354849,1771.04070057,33.88212808,36.36669904,944.86506809,24.75240678,4.87552418,4.43428727,655.9569999,3.96806517,1.08586854,0.84148493,0.36714456,117.57119924,1.21354849,655.9569999,0.00068039,4931.58246873,2378.01345861,0.04423995,5.4046059,3.27960853,155.63632185,119.3317422,4.25830448,0.86548578,18.98161222,17.75541811,209.7166293,3.26890859,1092.18324527,91.1866595,17.75541811,1.52860986,1612.79609234,1.21354849,6.54205516,1197.72537126,17.17405307,1.54137243,703.1915601,66.91679679,4.0108524,1.65975572,102.59410353
2021-02-20,7.85796305,107.91900143,491.9677501,1826.52856775,1339.75033649,8.43777931,236.89674104,1.95583,89.6248698,132.84570947,0.86495194,4443.69106923,740.75196725,215.6692654,51.81380386,25.83702972,12175.69486476,2.45854503,141.31941876,12370.16061083,7.00538467,858.55581783,1.0,10.03212391,13.70167135,2809.08624758,24.51249615,8196.87390657,17.80136553,70.19561879,303.32553802,0.86495194,21.20338678,2.0596945,1.60583312,0.85904395,1.95583,10.78616082,358.39851893,48.22179876,4.44970227,790.52635387,160.94696906,192.65930487,0.86495194,9.39387408,62.29510953,4.5436034,27880.69455447,10.60174127,8.21105577,10.25527748,50919.03548262,,254.50224779,181.32999231,12740.99556906,3459.5738419,4.4851981,17.80136553,4.23995579,0.99354151,93.58487443,3.13211435,110.26999999,25.88622932,461.39793745,0.45557197,2.16578611,61.7583002,11316.28670547,123.59063781,4.89373993,9.37094148,42.476551,8.36783862,26.28981629,18.17441361,4327.11331034,7.436842,17044.69047774,0.4658708,1.21162757,2395.95581007,2.78600352,3.05969353,33.87416991,43.64883502,87.91254663,102.71422922,4.41032437,9.70077737,18.65135947,2.4412508,621.29319958,130.00534413,127.8856722,505.75529899,2080799.01017455,1.60583312,635.42235568,13.12285204,4554.05267979,48.27257902,29.17913865,1.21162757,87.91254663,9.6756903,32.10813071,58.75320889,1.21162757,1771.58718727,33.83980354,36.32092618,943.65399359,24.75926788,4.87569311,4.42508943,655.95700005,3.96323808,1.08658278,0.83970911,0.36661677,117.56416373,1.21162757,655.95700005,0.00067911,4921.11664274,2361.28011593,0.04442006,5.39771136,3.27383833,155.58080932,119.33174224,4.28292714,0.86495194,18.95472955,17.80136553,209.00761297,3.28151063,1090.46393932,90.67767056,17.80136553,1.52843673,1610.24321057,1.21162757,6.52162912,1194.54547692,17.13010797,1.53940274,702.75899874,66.77618715,4.00096588,1.65966458,102.43585681
2021-02-21,7.82729104,107.94608234,491.96774986,1827.20420363,1339.25116627,8.43481586,236.98436953,1.95583,89.73986896,133.01553732,0.86482481,4444.73653559,743.06070307,215.74905966,51.86291955,25.93336549,12135.64610976,2.45945445,141.41935451,12344.32246613,6.97406581,858.98276229,1.0,10.03363108,13.70673962,2809.04660055,24.54220734,8087.62867853,17.79889,70.06704538,300.90362931,0.86482481,21.21130566,2.06045639,1.60663318,0.85936171,1.95583,10.78036671,358.40141448,48.23963608,4.45134822,790.81877084,161.35437144,192.58400654,0.86482481,9.39806195,62.31815259,4.54528409,28131.75699991,10.60566287,8.20087878,10.25842457,50937.86458654,,254.59661484,181.5424041,12745.70848394,3460.82328601,4.48494799,17.79889,4.24152415,0.99390795,93.61951773,3.13424335,110.26999993,25.8959008,461.56860929,0.45574048,2.16658644,61.61700845,11331.30369274,123.63635419,4.89723675,9.37200388,42.49226315,8.36953783,26.33521398,18.18113635,4329.21174881,7.43763033,17045.25015635,0.46604313,1.21207576,2400.13831735,2.78703414,3.06082572,33.90674737,43.78636214,87.97471509,102.83462793,4.41195576,9.70436571,18.72182331,2.44267574,621.52301694,130.05342304,127.64840828,505.83930543,2081487.68283947,1.60663318,635.65739943,13.1277062,4555.73723124,48.58667452,29.20702954,1.21207576,87.97471509,9.6800038,32.12000756,58.78607238,1.21207576,1769.11078036,33.88900336,36.34375615,945.35885836,24.78056587,4.87702407,4.42672384,655.9569999,3.96735057,1.08618996,0.84001972,0.36675239,117.6076509,1.21207576,655.9569999,0.00067932,4911.78373836,2362.09824864,0.04444381,5.39690521,3.27293273,155.63835891,119.33174217,4.2845114,0.86482481,19.00516832,17.79889,209.08487949,3.28002998,1090.8680636,90.71120851,17.79889,1.52801595,1610.83884214,1.21207576,6.53416398,1183.11749631,17.08079426,1.53755392,703.01895043,66.80081506,4.00244584,1.66013537,102.473748
2021-02-22,7.85575043,108.66846627,491.96774988,1831.73194068,1350.70921015,8.53984548,235.11774823,1.95583,90.26836408,133.20176562,0.86341717,4463.10866817,743.07129609,216.00120861,52.0823616,25.73710838,12352.3512908,2.46442421,141.58925071,12395.89592756,6.99838585,860.90415152,1.0,10.04670027,13.8483638,2817.60266476,24.54005389,8284.70821155,17.87334099,70.49416005,304.2100358,0.86341717,21.26551284,2.0643932,1.60599784,0.86149117,1.95583,10.81635375,358.97289758,48.9770855,4.46237848,791.05892422,161.17233266,193.13922786,0.86341717,9.42100217,62.44805494,4.55654712,27916.82429894,10.63194327,8.24281558,10.30286497,51094.39025934,,253.76509432,182.12294736,12808.46120905,3473.04341489,4.49401692,17.87334099,4.24491181,0.99636501,94.16078473,3.16224196,110.26999997,25.88186755,463.15557946,0.45686979,2.17498667,61.72877452,11342.89203449,123.93348176,4.91183566,9.39353577,42.51880196,8.39574368,26.4279265,18.22618846,4367.77576399,7.43654047,17154.45468543,0.46719796,1.21507923,2401.62118292,2.77699364,3.04148697,33.88873265,43.79785597,88.08040482,102.97971269,4.4228884,9.74791324,18.71215448,2.44886556,623.06312548,131.5068295,127.66635487,506.53873034,2131420.60473044,1.60599784,630.61535752,13.16132216,4573.16671752,48.19546413,29.26650244,1.21507923,88.08040482,9.70363224,32.19959962,59.18876641,1.21507923,1774.72769005,33.90858811,36.46265186,944.95407143,25.12521639,4.87719676,4.44182909,655.95699976,3.96594543,1.08861727,0.84197948,0.36772566,117.6099109,1.21507923,655.95699976,0.00067094,4945.67790423,2371.79346749,0.0435159,5.41270356,3.28377701,155.41553347,119.33174219,4.29360245,0.86341717,19.05327086,17.87334099,210.06482032,3.26890292,1093.57125978,91.24795752,17.87334099,1.53207728,1614.8304347,1.21507923,6.65687245,1207.62236217,17.19663193,1.53523349,700.86255235,67.05162297,4.01575204,1.65751887,102.83885446
2021-02-23,7.85435448,108.75289748,491.96774982,1830.99787863,1350.67757031,8.61065934,235.03222432,1.95583,89.88780541,133.21866693,0.86178119,4457.53677187,742.691783,215.96641098,52.29969069,25.74722028,12281.09118351,2.45502693,141.43325365,12395.12315615,6.9945984,859.46245947,1.0,10.07827231,13.83532256,2816.18741874,24.51659786,8242.19183799,17.71041488,70.41756918,303.70956384,0.86178119,21.27991097,2.06356761,1.6037714,0.86114593,1.95583,10.82552324,358.63610572,48.63451465,4.46059019,791.57445501,161.50338465,193.17785241,0.86178119,9.41756302,62.26453391,4.55472109,27996.20524035,10.62768254,8.23518707,10.31190624,51042.07615242,,253.97301037,182.72248966,12803.19543535,3462.63728437,4.5069382,17.71041488,4.24330892,0.99596554,94.09649829,3.15314807,110.26999999,25.87079667,462.83780883,0.4566867,2.1735207,61.65505536,11342.85955796,123.88178801,4.91147545,9.38765765,42.48416895,8.38749352,26.3857469,18.21888436,4364.45352384,7.4367136,17118.31646201,0.46701074,1.21459229,2403.61089851,2.77117192,3.04906389,33.94645609,43.79849974,87.98336151,102.93337768,4.42111594,9.75151024,18.74841484,2.44782279,622.81343447,129.8609781,127.77335449,503.94731229,2186577.94568961,1.6037714,630.39902275,13.19443688,4572.18984496,48.27720563,29.25888647,1.21459229,87.98336151,9.70008991,32.18669571,59.07642711,1.21459229,1772.4945672,33.84939983,36.48182112,945.44676587,25.02281578,4.87454957,4.43710539,655.95699967,3.97152295,1.09571262,0.84078611,0.36782884,117.54427696,1.21459229,655.95699967,0.00067216,4942.29274653,2370.25896567,0.04401793,5.40741402,3.28245119,155.00877646,119.33174223,4.29150366,0.86178119,19.04187991,17.71041488,209.95214686,3.27412973,1093.14947827,91.03688174,17.71041488,1.53131526,1614.1832954,1.21459229,6.59262253,1196.86892549,17.18069566,1.53673582,700.68979598,66.96593752,4.02612542,1.6568405,102.79701145
2021-02-24,7.83669685,108.80328088,491.96774999,1829.86323765,1346.28084583,8.72008236,235.40606823,1.95583,89.42437335,133.16432582,0.86072505,4458.77679049,742.16125425,215.7837884,52.25310196,25.70586607,12269.7211829,2.45367611,141.26065066,12374.48686638,6.98556759,854.4252536,1.0,10.07927486,13.82403639,2814.86407688,24.59123931,8030.18979572,17.66147994,70.37120895,303.91069368,0.86072505,21.28688137,2.06226349,1.60238617,0.8606123,1.95583,10.84077682,359.61168982,48.61180493,4.45782603,788.89449781,161.02898046,192.93531936,0.86072505,9.41297404,62.14113909,4.5518986,27967.57770695,10.62109673,8.23543617,10.21930381,51035.13266062,,253.43276359,183.47143874,12807.30118315,3459.19784422,4.50959503,17.66147994,4.2410277,0.99533375,94.2756917,3.17486658,110.27000003,26.00416785,462.5525809,0.4564037,2.17271544,61.52814309,11333.10204402,123.80353394,4.90699623,9.35459081,42.44920092,8.37454712,26.38146524,18.2075944,4340.470502,7.43674407,17088.84407733,0.46672134,1.21383963,2407.03399966,2.76806619,3.03919988,33.94807863,43.75408118,87.875988,102.84521706,4.41837624,9.72928595,18.70679586,2.44507188,622.42748665,129.97659387,128.57723535,504.26977301,2217015.38023058,1.60238617,630.04091088,13.18332518,4568.46378813,48.16544936,29.23745206,1.21383963,87.875988,9.69536326,32.16675011,59.03634102,1.21383963,1771.47452989,33.80467571,36.46429647,944.58573228,24.84166537,4.87469391,4.43195014,655.95700007,3.96210537,1.10182877,0.84146364,0.36742276,117.47464476,1.21383963,655.95700007,0.00067385,4939.28607259,2369.52110528,0.04364375,5.40369136,3.28036155,154.42502623,119.33174229,4.25839429,0.86072505,19.03291908,17.66147994,210.09361019,3.27125238,1092.48945642,90.74949666,17.66147994,1.52196068,1710.42652318,1.21383963,6.58257946,1199.39419646,17.1783044,1.52996541,700.24711415,455.50399025,4.02741446,1.63982978,102.73227949
2021-02-25,7.89347164,109.74944431,491.96775005,1843.31043915,1362.08893256,8.88027948,237.73008,1.95583,90.8822254,134.27024424,0.8666224,4481.7355513,747.70536159,217.45929486,52.7120289,25.84263242,12366.47916718,2.46610512,142.96700559,12491.75681952,7.03014199,874.33995613,1.0,10.08725737,13.92441333,2835.18201107,24.67264467,8091.94914563,18.20065265,70.86988807,305.43100929,0.8666224,21.41398687,2.07743091,1.61498238,0.86693672,1.95583,10.86399151,361.29144434,48.97130129,4.49058546,794.53015141,162.43647809,193.57549838,0.8666224,9.48080553,62.59815449,4.58534935,28249.69303753,10.69914848,8.29596141,10.28252672,51387.70742472,,255.89903568,184.54919645,12885.96102423,3481.00071485,4.51599276,18.20065265,4.27239721,1.00265165,94.90822457,3.19342833,110.27000001,26.19410282,466.0564667,0.45975769,2.18778525,61.88409302,11422.12862848,124.41389755,4.93903846,9.42698471,42.75556214,8.4348026,26.65453361,18.3413974,4391.86994718,7.43595043,17275.25826431,0.47015115,1.22275983,2418.57117693,2.76251145,3.05275605,34.19412112,44.02317308,88.93748407,103.64391145,4.45084577,9.74357323,18.87007303,2.4630549,627.00154861,129.87997018,129.88320769,507.52530159,2285532.30745626,1.61498238,634.71317843,13.27956248,4597.50420759,48.74015372,29.44915992,1.22275983,88.93748407,9.76522969,32.40313541,59.61792864,1.22275983,1784.51834909,34.03858639,36.9420063,953.16846906,25.54633207,4.87562655,4.4609983,655.95700015,4.01213799,1.10477313,0.84553765,0.37012532,117.57209552,1.22275983,655.95700015,0.00068683,4974.48484064,2385.90313484,0.04404424,5.43998267,3.30446505,153.34946684,119.33174225,4.28901133,0.8666224,19.19150625,18.20065265,209.44493938,3.28794683,1100.51472012,91.43656207,18.20065265,1.53188448,1720.7691327,1.22275983,6.71756565,1203.44152298,17.28928671,1.53755482,705.19275421,458.67248074,4.06790162,1.64620614,103.46656379
2021-02-26,7.83584381,108.66921932,491.96775019,1823.67120552,1364.70129858,8.9738322,235.18277811,1.95583,90.31692514,132.78988328,0.86734191,4434.0734636,739.52065908,215.06064155,52.18878016,25.62147119,12266.95082304,2.42967309,143.87091588,12337.75443872,6.9578863,878.0223708,1.0,10.18716223,13.77462207,2805.30698006,24.56961956,8002.58175069,18.35049705,70.01226254,302.7930836,0.86734191,21.16721988,2.05533063,1.61179327,0.85770009,1.95583,10.81096822,362.45457834,48.73097288,4.4427413,769.2700757,161.06828946,190.75443467,0.86734191,9.38283433,61.93118074,4.53649554,27846.34278769,10.58515625,8.20876789,10.46526598,50839.41231404,,252.53892633,182.87415112,12743.14078217,3453.47266388,4.52137593,18.35049705,4.22618496,0.9919804,93.95187819,3.14731141,110.26999999,26.18526636,461.05675135,0.45485929,2.16532952,61.2814141,11297.33247464,123.09651159,4.90294026,9.31926749,42.19208683,8.34321769,26.38069203,18.14598214,4394.30856925,7.43613362,17289.98545761,0.46514201,1.20973214,2388.68569909,2.73655093,3.00232813,33.85247143,43.53792071,89.49979213,102.50013948,4.403425,9.69334485,18.61179692,2.43620972,620.32126859,129.7201755,129.00562962,505.2156648,2259581.15660288,1.61179327,628.0502608,13.1431379,4548.81999143,48.15039742,29.12864174,1.20973214,89.49979213,9.66431936,32.05790179,58.86466635,1.20973214,1765.47990405,33.7137514,36.87052165,941.55585002,25.34239354,4.87289483,4.41564443,655.95700007,4.00650003,1.09943049,0.83957169,0.36630075,117.25373153,1.20973214,655.95700007,0.00070409,4932.00903102,2361.18641971,0.0461375,5.38188551,3.26927301,153.64310786,119.33174222,4.24598417,0.86734191,18.98946381,18.35049705,208.95487579,3.26339619,1088.65932693,90.2781736,18.35049705,1.53613118,1703.95673349,1.20973214,6.74477888,1199.96821404,17.11939005,1.56777496,697.24793208,453.79722628,4.02169241,1.66944556,102.43958986
2021-02-27,7.8210083,108.46699152,491.96774996,1820.01144476,1357.90267155,8.96169738,234.74791531,1.95583,90.15891896,132.58400859,0.86684241,4426.09333799,740.19263918,214.89981471,51.97296994,25.67341268,12230.11591095,2.42486053,143.01964733,12226.18896711,6.9219908,874.25976981,1.0,10.18508075,13.6491613,2797.5211829,24.5162842,7999.03840821,18.25594697,69.96478031,300.76431634,0.86684241,21.0794614,2.05240341,1.60835144,0.85597885,1.95583,10.79864999,362.33610576,48.63666626,4.43382556,767.73667934,161.07348589,191.43853065,0.86684241,9.36443342,61.80689102,4.52739165,27937.16827668,10.56391386,8.20279896,10.45458147,50737.34548312,,254.11460741,181.90607753,12723.09931198,3441.93668841,4.51887993,18.25594697,4.21771816,0.989998,93.57692482,3.13899141,110.27,26.17352189,460.13186039,0.45394647,2.15805792,61.23746058,11280.94902099,122.92006702,4.89293737,9.30570321,42.10739995,8.33268593,26.35979715,18.10956661,4402.46431345,7.4358684,17242.65061189,0.46420856,1.20730444,2388.24088281,2.71918361,3.07043766,33.7851703,43.39231202,88.97023161,102.4006581,4.39458817,9.67389043,18.71595467,2.43238971,619.07640195,128.383383,128.62878878,503.42903402,2255041.44193656,1.60835144,637.36772385,13.17430723,4539.76283946,48.35869419,29.07980268,1.20730444,88.97023161,9.64536643,31.99356768,58.86318164,1.20730444,1761.96165929,33.67125115,36.80157596,942.68380345,25.18784248,4.87273752,4.40616244,655.95700013,4.00015158,1.09679318,0.83883239,0.36606712,116.79162777,1.20730444,655.95700013,0.00069604,4910.04704687,2358.57196734,0.0452522,5.36804701,3.26121931,152.84421308,119.33174231,4.16386333,0.86684241,18.94271939,18.25594697,203.4260871,3.27137349,1086.57391584,90.05159838,18.25594697,1.53755969,1697.79488902,1.20730444,6.7597323,1185.67291409,17.05277156,1.56620733,695.84845446,452.87497245,4.01609045,1.66880311,102.23403553
2021-02-28,7.82161624,108.45218456,491.96774984,1819.92623935,1357.8291092,8.96436268,234.73692538,1.95583,90.26388662,132.59246472,0.86684336,4425.5882992,740.66214792,214.88973498,52.03946733,25.71631724,12227.11136546,2.42474701,142.89121429,12225.3804501,6.91678756,874.00737233,1.0,10.18552282,13.6485223,2797.08543321,24.51190421,8001.94859599,18.25509551,69.98297613,300.27445184,0.86684336,21.07848915,2.05230732,1.60841132,0.85593878,1.95583,10.80939484,362.3538325,48.6343893,4.43361799,767.70073708,161.19331311,191.3501196,0.86684336,9.36392356,61.80399748,4.5271797,27971.06704633,10.5634193,8.20486563,10.4538967,50734.97315549,,254.10272376,181.75866465,12722.5036691,3441.75797949,4.51853679,18.25509551,4.21752071,0.98994727,93.57248243,3.13884446,110.27000001,26.17301418,460.11031892,0.45392522,2.15795676,61.26055774,11282.69523821,122.91431241,4.89359779,9.30646824,42.10542866,8.33366997,26.38764179,18.1087188,4402.8116612,7.43574935,17236.90750423,0.46418683,1.20724792,2388.1291773,2.71905608,3.07029394,33.80571538,43.37670893,88.89033545,102.42085854,4.39438243,9.67343754,18.75557777,2.43252774,619.04741936,128.37737213,128.64826179,503.73879815,2254935.95530325,1.60841132,637.33788493,13.17369046,4539.55030654,48.41927517,29.08068739,1.20724792,88.89033545,9.64484126,31.99206988,58.86041672,1.20724792,1761.88315914,33.67365094,36.80157859,943.34562048,25.18663339,4.87281309,4.40609249,655.95699988,4.00653729,1.09666377,0.83879312,0.36617575,116.78616007,1.20724792,655.95699988,0.00069594,4908.76109175,2356.70886171,0.04525118,5.36677977,3.25965175,152.83705755,119.33174224,4.1636684,0.86684336,18.93828376,18.25509551,203.41651873,3.27007245,1086.52312322,90.04737173,18.25509551,1.53774873,1697.05400569,1.20724792,6.75938592,1182.84332732,17.0411887,1.56632462,695.81587771,452.85377071,4.01590243,1.66852347,102.22924936
2021-03-01,7.7936207,108.57865775,491.96775022,1817.10730781,1348.8327938,8.77716363,234.45833737,1.95583,89.33271127,132.34817838,0.86483978,4419.27411945,738.29534628,214.28318671,52.02876458,25.56413071,12188.46334182,2.4142022,142.19460243,12283.2906366,6.91401613,871.12303178,1.0,10.17037197,13.7449149,2795.2444746,24.47706972,7987.63237723,18.03683887,69.84704021,301.78420437,0.86483978,21.09245605,2.04803628,1.60176659,0.85461299,1.95583,10.77202843,364.20669321,48.70807431,4.42675064,760.25036815,159.92975227,191.8368129,0.86483978,9.34976811,61.86222892,4.52016743,27733.0713108,10.54705734,8.18843141,10.31383807,50692.4761628,,251.98521436,181.984255,12675.1022678,3429.03158881,4.53608861,18.03683887,4.22305734,0.98841553,93.27129197,3.13689037,110.26999998,26.17188968,458.0229846,0.45322212,2.15763816,61.54378344,11272.03607348,123.48040621,4.88885668,9.2875006,42.1119349,8.31282233,26.32197955,18.08066973,4355.13531858,7.4359816,17186.35526111,0.46346783,1.20537798,2384.16001719,2.72710405,3.01725056,33.71464273,43.45751334,88.45698442,102.25961248,4.38757585,9.69737179,18.5508934,2.43155079,618.08856056,130.91809763,128.60402314,504.34426504,2251440.46248751,1.60176659,625.60742587,13.27656862,4494.64702725,47.93476948,29.06523069,1.20537798,88.45698442,9.63026116,31.94251652,58.50032091,1.20537798,1759.16009423,33.55493294,36.41966512,939.27598415,24.84566601,4.87555508,4.40127929,655.9570002,3.98146863,1.10167687,0.8386495,0.36503104,117.63519241,1.20537798,655.9570002,0.0006959,4907.6436276,2361.4191529,0.0449414,5.36049387,3.2575784,153.10948167,119.33174223,4.25626982,0.86483978,18.95755902,18.03683887,208.77247574,3.26751811,1084.82943433,90.66926949,18.03683887,1.5253251,1701.25834626,1.20537798,6.71553695,1198.54733012,17.05940939,1.55028695,695.85334738,452.15233362,4.00767348,1.65757991,102.15638629
2021-03-02,7.81245945,108.88506317,491.96774991,1820.64423597,1359.68351203,8.92611141,236.17063169,1.95583,89.12772028,132.59757822,0.86530588,4420.948979,739.09004806,214.6970548,52.35186366,25.62358271,12188.96064355,2.44668517,142.29864028,12319.03190322,6.93479411,883.28941923,1.0,10.133073,13.76759333,2800.71079331,24.52244527,7991.48380578,18.07202105,70.0366133,302.36982209,0.86530588,21.12829846,2.0518969,1.60600756,0.85627646,1.95583,10.78482046,364.10948344,48.74300355,4.43536714,760.7210915,161.01043163,190.81068133,0.86530588,9.36913187,61.82716658,4.52896576,27801.01703681,10.56758677,8.20016508,10.2512781,50755.28206668,,252.27956986,182.60930934,12676.89128069,3441.59280754,4.53884389,18.07202105,4.2191967,0.99033384,94.27602939,3.16218022,110.26999995,26.18950456,460.2194562,0.4541043,2.16182415,61.85456541,11281.1706442,124.13388163,4.90078212,9.29916033,42.15874175,8.33055443,26.4612491,18.11586304,4410.48138203,7.43628244,17279.14553016,0.46436996,1.2077242,2388.90163293,2.73239564,3.02311342,33.71081216,43.42617085,88.52170466,102.38871397,4.3961161,9.6232936,18.59900054,2.43428396,619.29164572,130.68878536,128.92831258,507.31530438,2249248.82084283,1.60600756,626.82006458,13.30234314,4504.42465686,48.21156266,29.1031697,1.2077242,88.52170466,9.65020583,32.00469138,58.56609927,1.2077242,1762.46460211,33.65021776,36.50266805,941.03314545,24.91372595,4.87541055,4.42515503,655.95699979,3.98294353,1.10408678,0.84012295,0.36577647,117.70864541,1.2077242,655.95699979,0.00069676,4915.11530543,2349.11233671,0.04533432,5.37113157,3.26389987,152.26388723,119.33174226,4.26760832,0.86530588,18.93723794,18.07202105,209.71711082,3.26999459,1086.93919573,90.2680097,18.07202105,1.52329594,1703.08893153,1.2077242,6.90087844,1199.85879504,17.09251431,1.5442239,696.72402504,453.50096894,4.00949593,1.65668261,102.39508452
2021-03-03,7.80917638,108.95465351,491.96775017,1820.45205836,1357.68463207,8.97203285,236.09213896,1.95583,89.26150735,132.44279483,0.8636596,4419.78625239,739.1821876,214.67430737,53.2223827,25.57179612,12181.91548051,2.44449937,141.47899667,12319.72610675,6.9228138,880.78148981,1.0,10.14530985,13.75818844,2800.37458428,24.74900484,7990.96143578,18.11873347,69.95711661,302.37471471,0.8636596,21.12612155,2.0516805,1.60708259,0.85618608,1.95583,10.7881893,363.81730109,48.42328273,4.43489896,760.18599737,160.82820373,190.09736971,0.8636596,9.36655066,61.9541561,4.52848771,27789.80153403,10.56647132,8.1987118,10.230789,50754.9700401,,252.27060255,182.58880988,12656.01381681,3441.23096287,4.54575123,18.11873347,4.21882262,0.99022926,93.46384824,3.15822202,110.27000004,26.15538728,460.02343062,0.45405637,2.16160942,61.84959205,11286.74034388,123.76000415,4.892012,9.29871844,42.15440225,8.33003933,26.48868707,18.11395083,4441.97842857,7.43610669,17219.80764624,0.46432094,1.20759672,2387.2633518,2.73210167,3.02287116,33.54750475,43.43378835,88.01181752,102.38226266,4.39565207,9.62275377,18.59698568,2.43396382,619.22627655,130.14246956,129.10984362,506.85724372,2246360.77568131,1.60708259,626.75652327,13.22984205,4512.64194044,48.08663788,29.10089391,1.20759672,88.01181752,9.64754717,32.00131313,58.5673996,1.20759672,1765.15529896,33.52631061,36.63122312,940.94407411,25.26045947,4.87675235,4.44123697,655.95699996,3.9915615,1.1083706,0.8397363,0.36554497,117.77262191,1.20759672,655.95699996,0.00070232,4908.11702594,2366.81665081,0.04580878,5.37058666,3.26355414,152.70258885,119.33174225,4.23717455,0.8636596,18.92450466,18.11873347,209.56460049,3.26950149,1086.77340129,90.2583473,18.11873347,1.52270528,1703.01423702,1.20759672,6.95661368,1181.47298498,17.09068181,1.54609511,696.58526699,453.67661863,4.00907674,1.66261874,102.41773937
2021-03-04,7.79388257,108.7712645,491.96775013,1815.84805236,1354.72071242,8.93094374,235.7207069,1.95583,88.47265967,132.02850446,0.86021968,4408.57896992,737.53090386,214.12968942,52.94394406,25.50761845,12204.45357753,2.44071176,140.84228766,12284.87260011,6.90618396,873.93887698,1.0,10.14832726,13.71882816,2793.29048689,24.56525785,7997.62153647,18.18550137,69.63575164,301.60776118,0.86021968,21.07267125,2.04649227,1.60257837,0.85402074,1.95583,10.78016785,364.76092183,48.46493825,4.4236829,754.47843306,160.7143287,189.565018,0.86021968,9.345101,61.7974893,4.51703496,27729.09040508,10.53974823,8.1764716,10.19736838,50621.26422731,,251.65267501,182.1270425,12624.56781988,3432.67160433,4.55609797,18.18550137,4.20806285,0.987725,93.22755098,3.13721243,110.27,26.22244945,458.77326411,0.45290804,2.15612849,61.63171873,11259.60101367,123.55759601,4.8877445,9.2738693,42.04879483,8.30928971,26.42172353,18.06813982,4384.90089371,7.43594003,17179.24158667,0.46314665,1.20454266,2381.21864683,2.73355337,3.01036874,33.38047831,43.33125483,87.61573102,102.12637074,4.38453526,9.62475405,18.53811801,2.42798665,617.66022515,129.81402509,129.56710447,506.03771285,2242327.83458135,1.60257837,625.17425564,13.23561136,4526.511779,47.96368629,29.02733981,1.20454266,87.61573102,9.62545404,31.92038035,58.4406464,1.20454266,1757.8562254,33.52722249,36.6139128,938.56539081,25.07057884,4.87985871,4.42677839,655.95700027,3.98445758,1.11511188,0.83878725,0.3644119,117.60829242,1.20454266,655.95700027,0.00070235,4912.26570623,2361.0153621,0.04608125,5.34024292,3.2553002,153.10907409,119.33174223,4.22644506,0.86021968,18.9073217,18.18550137,209.03247462,3.28015011,1084.08223896,90.02994203,18.18550137,1.51586327,1698.70027334,1.20454266,6.70333819,1178.45810818,17.04744167,1.5430274,694.89382798,451.84528631,3.99893303,1.65777259,102.14529406
2021-03-05,7.73969795,107.65488244,491.96775017,1795.98165506,1348.5048033,8.99223119,233.40175441,1.95583,88.68573566,130.56887375,0.8626149,4361.98340428,729.55664562,211.78972698,52.32301312,25.22710111,12155.20482455,2.42793747,140.30557509,12179.40218657,6.8346946,879.1813088,1.0,10.17135225,13.57324759,2762.73589113,24.45479103,7912.45687216,18.35879723,69.28429491,298.28519717,0.8626149,20.8421598,2.02410309,1.600886,0.84467728,1.95583,10.7347334,367.2356982,48.47449702,4.37528533,743.62007713,158.92987641,187.57936347,0.8626149,9.24993554,61.22913185,4.46761606,27518.75330894,10.42443747,8.08594664,10.2033448,50068.3475708,,248.88539573,179.99416515,12476.97092937,3404.28359652,4.58881036,18.35879723,4.16209404,0.97691871,93.38691552,3.10527026,110.27000002,26.35166319,453.45505341,0.44795297,2.13253761,61.14506024,11141.11284153,123.1656571,4.85363925,9.17276973,41.58784976,8.21704603,26.12075671,17.87046423,4336.86941826,7.43628444,17092.85665205,0.45807957,1.19136428,2358.72378253,2.71041787,2.99022462,33.08145079,42.77204607,87.28185078,101.00727228,4.33656599,9.50826612,18.33548221,2.40129874,610.90267547,128.39245066,128.98958115,500.12303505,2229154.82590295,1.600886,618.32190415,13.09103003,4481.39763017,47.44146964,28.70727217,1.19136428,87.28185078,9.52743361,31.57115347,57.97896981,1.19136428,1738.6887312,33.320007,36.4015233,927.6946722,25.36245834,4.88223333,4.40412183,655.95700023,3.97095722,1.10885206,0.83430574,0.36099283,117.47685742,1.19136428,655.95700023,0.00070203,4882.4137579,2335.1754033,0.04779993,5.28192111,3.21968396,152.89627466,119.33174228,4.18020512,0.8626149,18.69388544,18.35879723,207.04984259,3.25931092,1072.18646933,88.79485864,18.35879723,1.50943667,1680.06658606,1.19136428,6.78542555,1190.42432177,16.86088575,1.55414737,687.33686312,446.90691586,3.95291041,1.66716719,101.0272996
2021-03-06,7.74007799,107.56976559,491.96775012,1795.9881539,1344.13084384,8.9825249,231.4368569,1.95583,88.59371923,130.56621271,0.86099396,4364.25102979,729.57774438,212.06274326,51.42031903,25.2344162,12014.64782954,2.42759931,140.11983737,12064.48618133,6.82634791,874.09752783,1.0,10.1610567,13.4732772,2762.36600722,24.42479482,7910.31605882,18.30847742,68.98143003,298.31115118,0.86099396,20.84214718,2.02525996,1.59930729,0.84468033,1.95583,10.64109614,367.35075659,47.891719,4.37530116,730.92479155,158.64132384,187.15205117,0.86099396,9.24902183,61.15744841,4.46763222,27445.20200566,10.42447519,8.08598778,10.17821812,50067.64460409,,250.24626818,179.99860492,12482.99386014,3396.52074762,4.5888084,18.30847742,4.18129146,0.97693177,92.23478681,3.09775125,110.26999997,26.32578322,453.88274876,0.44795459,2.1296115,61.14419975,11138.69292413,123.22813743,4.85464553,9.17276194,41.58766745,8.21701002,25.97220953,17.87052889,4331.48381491,7.43694364,17159.30013999,0.45808122,1.19136859,2357.4722432,2.71630733,3.04153123,33.26253841,42.84956093,87.1663063,101.00669286,4.33658168,9.54622095,18.34387561,2.40130606,610.90488605,127.73616898,129.1343511,498.50121516,2229132.75105546,1.59930729,625.85023364,13.09080302,4481.62451484,47.44000024,28.70736326,1.19136859,87.1663063,9.52649248,31.57126771,57.92069024,1.19136859,1738.71554068,33.29028245,36.39329604,927.69915674,25.39424313,4.88252013,4.3967697,655.95700025,3.97067868,1.10938938,0.83380065,0.36100771,116.00277159,1.19136859,655.95700025,0.00070044,4838.53461703,2335.19324834,0.0472016,5.28158117,3.21969801,152.88737764,119.33174226,4.19586627,0.86099396,18.69972527,18.30847742,206.82826218,3.26189944,1072.22184835,88.51856776,18.30847742,1.50780917,1680.19440608,1.19136859,6.78024392,1165.55917559,16.86098181,1.54987583,687.21848294,446.89734381,3.95412577,1.66248296,101.0280309
2021-03-07,7.7411485,107.49336839,491.96774974,1796.29982801,1344.70834572,8.98111859,231.47702024,1.95583,88.33181948,130.70095767,0.86125633,4361.18157184,730.38599653,212.10000261,52.32095416,25.65523748,12047.66003298,2.42802059,140.13931176,12071.0974645,6.8194091,875.55836848,1.0,10.16576421,13.47561534,2761.59201826,24.52430328,7953.81390619,18.30356158,68.98191283,295.16105675,0.86125633,20.89474464,2.02561142,1.5995734,0.84482692,1.95583,10.7120125,367.40625876,47.90003008,4.37606044,731.05163556,159.17518964,186.94734462,0.86125633,9.25102246,61.16806161,4.46840753,27657.64496702,10.42628424,8.07917853,10.18665504,50076.27738087,,250.29203621,177.74885684,12485.16014731,3397.42726276,4.58629413,18.30356158,4.18201708,0.97709545,92.23161891,3.10166399,110.26999991,26.33750604,453.96151515,0.44803233,2.12995795,61.42502899,11138.55378975,123.24952233,4.85533112,9.19323543,41.59488454,8.22660239,26.17790568,17.87363013,4330.91155676,7.43816257,17132.59579881,0.45816072,1.19157534,2357.66744826,2.71678083,3.04207345,33.20896113,42.97764738,87.17842099,101.08955587,4.33733425,9.54787759,18.46403261,2.40142571,611.01090192,127.75802971,129.11596272,500.0823789,2229519.54679694,1.5995734,625.95884311,13.09307479,4482.4022518,47.85240823,28.6946903,1.19157534,87.17842099,9.52855313,31.57674656,57.93465316,1.19157534,1738.9422338,33.33757544,36.39625532,931.85148228,25.40036901,4.88236606,4.35432845,655.95699983,3.97188167,1.10851737,0.83394534,0.36162083,116.0229026,1.19157534,655.95699983,0.00070051,4829.79838151,2325.75639154,0.0472098,5.31185895,3.21745986,152.91390958,119.33174221,4.19659442,0.86125633,18.68809992,18.30356158,206.86313171,3.27156616,1072.41695855,88.53391551,18.30356158,1.50811104,1674.61781074,1.19157534,6.78216845,1163.65540527,16.79918491,1.55068373,687.3377422,446.97481899,3.95481197,1.66260279,101.04556321
2021-03-08,7.7338534,107.33593781,491.96774993,1786.29887402,1350.59372756,9.15834742,232.605961,1.95583,88.37634195,129.98179652,0.85815538,4334.79429807,725.66508752,210.69419865,52.5280917,25.12386093,11939.05764616,2.41522658,139.70417548,12075.12663034,6.79471064,872.32503513,1.0,10.16769374,13.49448943,2747.48444416,24.52880485,7894.53011017,18.41438613,68.49042735,296.3418362,0.85815538,20.79015512,2.01318898,1.60014505,0.84012332,1.95583,10.70903557,367.95973853,47.6929705,4.35169659,732.59159772,158.14907476,186.3527647,0.85815538,9.2071047,60.88982211,4.44352954,27301.36049189,10.36823559,8.03993572,10.11013875,49797.27720362,,247.81477529,178.72881572,12430.83414791,3377.12537497,4.59641742,18.41438613,4.1514568,0.9716522,93.11730918,3.08837229,110.27000003,26.41704362,451.43374675,0.44553789,2.12067007,61.29131919,11082.82033323,122.79522226,4.86422798,9.12876278,41.36148976,8.17320496,25.99967558,17.77411815,4285.78211345,7.43638781,17021.34007616,0.4556099,1.18494121,2348.06566933,2.67878109,2.98628758,32.92285423,42.64706091,86.90772966,100.48055177,4.313186,9.46436425,18.2676077,2.38813003,607.60908011,128.92543659,129.07274536,497.82078537,2234175.68154663,1.60014505,615.71762583,13.04833489,4460.9562066,47.70991337,28.54165725,1.18494121,86.90772966,9.48331783,31.40094206,57.71469776,1.18494121,1729.26364049,33.46867249,36.53452861,922.49087881,25.42775543,4.88679133,4.37583524,655.95700018,3.95732778,1.10851274,0.83177255,0.35909415,117.45186443,1.18494121,655.95700018,0.00070531,4808.41172415,2324.91976989,0.04710043,5.2628075,3.20204684,151.95053245,119.33174224,4.18025476,0.85815538,18.63737567,18.41438613,205.8742508,3.25134468,1066.44981495,88.27944835,18.41438613,1.50128005,1669.68375501,1.18494121,6.79441469,1173.99923425,16.76194918,1.54807108,683.38063405,444.47932895,3.93184746,1.66274617,100.48301614
2021-03-09,7.73591817,107.75779454,491.96775005,1792.01551151,1353.89862546,9.09145683,233.73936595,1.95583,87.94685929,130.38696416,0.85614395,4349.28617159,728.09017744,211.38577502,53.01644208,25.22525526,11986.66672778,2.433481,139.32584136,12098.75722156,6.81525205,875.99205722,1.0,10.1223623,13.53166392,2756.04651154,24.63003791,7915.94115064,18.2898352,68.66619921,297.13973482,0.85614395,20.86997842,2.01982944,1.59985713,0.84281194,1.95583,10.73875621,366.76160304,47.78608779,4.36562319,735.40599753,158.81135489,186.75864328,0.85614395,9.22658009,61.08902248,4.45775003,27473.99024064,10.40141673,8.0568048,10.09001004,49957.05914687,,248.78758419,178.51440315,12477.4284905,3388.1978231,4.57581056,18.2898352,4.16398668,0.97476271,92.21443644,3.09427953,110.27,26.23112707,452.29731303,0.44696374,2.12714069,61.64637441,11121.63354171,123.71763471,4.89458615,9.16444392,41.56448895,8.203354,26.1210042,17.83100011,4279.93097831,7.43656567,17139.07721447,0.45706797,1.18873334,2347.42388353,2.71707345,2.99821999,33.00190496,42.7861986,86.67237408,100.81363216,4.32698936,9.47642539,18.35870141,2.39599575,609.55359281,129.79939502,129.12522967,498.86452834,2240141.69755593,1.59985713,618.17724355,13.12850169,4473.16626285,47.58581102,28.62782804,1.18873334,86.67237408,9.50337749,31.50143353,57.64250131,1.18873334,1734.81974763,33.63992819,36.58177358,926.11321087,25.26765117,4.88669939,4.38357816,655.95699997,3.95588287,1.10454396,0.83302265,0.36017026,117.60027234,1.18873334,655.95699997,0.00069277,4821.22015796,2331.38960927,0.04577299,5.28523664,3.21209001,151.68908994,119.33174225,4.1587596,0.85614395,18.69559466,18.2898352,206.60266226,3.2520267,1069.82013684,88.41761999,18.2898352,1.50418311,1674.3052498,1.18873334,6.90298002,1162.69068009,16.80969848,1.54394828,688.22462435,445.93648177,3.94630206,1.66146388,100.80485368
2021-03-10,7.74146552,107.94663883,491.96774993,1793.8347203,1357.16550954,8.95412543,233.77456205,1.95583,87.69859913,130.50021122,0.8561812,4354.73344579,728.24273772,211.61334409,53.12328139,25.19739914,11980.38247864,2.43228976,139.27877108,12136.89400276,6.83067671,864.2908816,1.0,10.12450782,13.57102291,2759.49303441,24.64512224,7920.64060296,17.99574191,68.68783566,297.94110375,0.8561812,20.8915349,2.02168241,1.60095146,0.84366754,1.95583,10.74031929,367.18958056,47.89554205,4.37005507,739.17284313,159.34276847,186.88275492,0.8561812,9.2352747,61.11687854,4.46227542,27466.77342986,10.41197599,8.07915945,10.06349094,50042.55054663,,248.57989676,179.78264606,12498.87649534,3391.29237478,4.57383523,17.99574191,4.1570619,0.97575089,92.31687343,3.09747285,110.26999993,26.23828058,452.48167313,0.44741748,2.12950886,61.749846,11149.90103599,123.41432358,4.91065408,9.17617453,41.53834825,8.209198,26.11918705,17.84910169,4229.91574271,7.43608898,17152.98370369,0.45753197,1.18994011,2351.62134539,2.69490497,2.99280337,33.0208684,42.79824294,86.64309241,100.91582925,4.33138201,9.38440043,18.27747862,2.39833606,610.17239619,129.51536315,129.21630601,499.94449644,2235526.31662104,1.60095146,617.57936309,13.11096724,4479.75495947,47.4968952,28.65501916,1.18994011,86.64309241,9.51233294,31.53341299,57.73675985,1.18994011,1736.72230852,33.72329898,36.57153464,927.77086142,24.95642092,4.88779497,4.39729034,655.95699963,3.9552091,1.10853089,0.83337088,0.36007408,117.60621132,1.18994011,655.95699963,0.00069228,4833.76798041,2337.1689886,0.04569668,5.27538705,3.2158387,152.50315342,119.33174221,4.17521721,0.8561812,18.71078738,17.99574191,206.912609,3.26026689,1070.8670776,88.26675646,17.99574191,1.50455976,1678.20487766,1.18994011,6.74899087,1164.72918637,16.84082797,1.54171666,686.50556464,450.66105952,3.95532347,1.65837304,100.90693373
2021-03-11,7.7770097,108.73117123,491.96774976,1805.55644333,1355.51141485,8.95537225,235.40968396,1.95583,87.77372123,131.26022533,0.8567327,4389.33478119,732.99771369,212.91786221,53.3624486,25.37189901,12041.86725168,2.44630968,139.96744418,12221.51021003,6.87449855,855.4980982,1.0,10.1384782,13.65078597,2777.49979645,24.69799061,7978.40252197,17.78941912,68.85918334,299.88809992,0.8567327,21.09733302,2.03489274,1.60551094,0.84918044,1.95583,10.76871444,365.0460292,48.2187276,4.39861097,742.88411794,159.69372328,188.27909355,0.8567327,9.29450355,61.55436818,4.49143394,27636.46269169,10.48001252,8.13494858,10.09109307,50350.16476294,,250.16596091,179.7770462,12592.42282719,3414.28324001,4.58393851,17.78941912,4.18423132,0.98212687,92.9104973,3.10267054,110.26999991,26.16356715,456.31511278,0.45034111,2.14389004,62.02351489,11212.53403083,123.82342713,4.91998778,9.24278745,42.15590862,8.26306293,26.29945468,17.96573575,4238.26104041,7.43625259,17224.07607001,0.46052169,1.19771572,2362.07238831,2.70975217,3.00897118,33.21271835,43.07585272,87.07150493,101.57695212,4.35968521,9.54353409,18.35083339,2.41432053,614.15953712,130.10968206,129.89071421,502.47178663,2241329.70739638,1.60551094,621.61834327,13.16059427,4527.22616675,48.0528661,28.83435393,1.19771572,87.07150493,9.57333866,31.7394665,57.97061934,1.19771572,1750.79693763,33.72907488,36.64908787,935.05376352,24.79595769,4.88316317,4.42478275,655.95699959,3.96028123,1.1074117,0.83664086,0.36218624,117.63278176,1.19771572,655.95699959,0.00069462,4861.74283521,2350.01333723,0.04589512,5.30990997,3.23685183,153.60213962,119.33174223,4.20028816,0.8567327,18.80538905,17.78941912,208.27654047,3.26458281,1077.94426668,88.39911957,17.78941912,1.50420193,1689.23094675,1.19771572,6.6484143,1174.78728432,16.95086941,1.54089949,691.00468363,454.39363687,3.97878044,1.66031193,101.56663241
2021-03-12,7.78056532,108.60516036,491.9677498,1802.0784554,1357.3132929,9.04538172,234.79419954,1.95583,87.58886547,131.07913584,0.85857475,4387.02565932,730.93755973,212.51242616,53.23469245,25.33672481,12014.95633647,2.43827769,139.67839733,12202.79318758,6.8586828,862.2977085,1.0,10.14481891,13.62302423,2772.26378704,24.74133566,7961.72560803,17.84316098,68.60791869,299.30954122,0.85857475,21.05666894,2.03097304,1.60593864,0.84754469,1.95583,10.74831989,366.72119145,48.53421542,4.39013806,741.91739026,159.36918608,187.86324708,0.85857475,9.28306647,61.3880605,4.48278223,27562.34837657,10.4598252,8.11599026,10.06334686,50237.48537227,,249.51980286,179.44418076,12573.1247399,3405.17000459,4.58038466,17.84316098,4.17615315,0.98023505,93.55580596,3.09709463,110.27000001,26.18102585,455.37114183,0.44947363,2.13978258,61.78130229,11189.78232657,123.10437613,4.92208608,9.22312177,41.85214266,8.24202346,26.23689305,17.93112891,4278.2370463,7.43695694,17189.06475947,0.4596346,1.19540859,2352.53988063,2.70453068,2.99230646,33.12725359,42.9969932,86.89169353,101.30718044,4.35128728,9.43508682,18.30806813,2.40811048,612.97650046,129.3678209,130.15189853,500.80105997,2217844.73209565,1.60593864,628.81012471,13.13521501,4518.60560964,47.9651352,28.75276939,1.19540859,86.89169353,9.56155846,31.67832774,57.84675375,1.19540859,1744.88979836,33.73169738,36.71048246,932.67452895,24.78990368,4.88489071,4.42761484,655.95699983,3.97472645,1.10932261,0.83635958,0.36170265,117.68574082,1.19540859,655.95699983,0.00069583,4853.49571502,2343.13326113,0.04641901,5.37091171,3.23061639,153.50803125,119.33174222,4.1907872,0.85857475,18.76490631,17.84316098,207.77466568,3.26242827,1075.87230017,88.12986758,17.84316098,1.49087761,1684.88456001,1.19540859,6.63989449,1186.76027432,16.91820625,1.53822288,691.4357273,453.43680374,3.96760142,1.66330944,101.3723506
2021-03-13,7.77995193,108.52296139,491.9677499,1801.99283845,1358.61885857,9.03677616,234.63918095,1.95583,87.92912594,131.07446843,0.85864897,4374.95417692,730.8961667,212.77197837,51.59230505,25.31170382,12014.39736514,2.43637448,139.7131703,12091.06327824,6.8552057,865.42748237,1.0,10.13471851,13.52452355,2771.65430372,24.7384449,7959.92880319,17.86954635,68.60368899,299.30830897,0.85864897,21.05567303,2.03201417,1.60716898,0.84750443,1.95583,10.76707943,367.11680016,48.12355962,4.38992949,735.25422968,159.26692184,187.89772839,0.85864897,9.27887905,61.38581483,4.48256925,27555.73834661,10.45932825,8.11558689,10.08260188,50235.04023147,,251.34559988,179.43317989,12567.85845722,3412.97630143,4.58252228,17.86954635,4.19512968,0.98019648,92.87805864,3.09030381,110.26999996,26.18380307,455.39677233,0.44945228,2.13670638,61.77828905,11190.69919945,123.33972215,4.92245748,9.22266327,42.00003246,8.24142724,26.2232778,17.930277,4272.59783682,7.43665613,17191.88066336,0.45961277,1.1953518,2366.75039379,2.69227431,3.03387202,33.15405549,42.99461615,86.9133252,101.29982827,4.35108055,9.5246279,18.45201309,2.40799289,612.94737788,128.25981437,130.27541039,501.72918362,2217653.72946051,1.60716898,629.77730326,13.1345674,4518.22841726,47.95759406,28.75080673,1.1953518,86.9133252,9.55724542,31.6768227,57.91458834,1.1953518,1744.52872846,33.71864685,36.70847178,932.59950069,24.77097265,4.88450014,4.42594499,655.95699987,3.97757288,1.11171883,0.83691942,0.36165269,117.99150178,1.1953518,655.95699987,0.0006919,4852.5727552,2343.01645736,0.04604218,5.3704827,3.23046239,153.50611949,119.33174229,4.2205223,0.85864897,18.76824222,17.86954635,207.16108766,3.29002362,1075.81324776,87.94371725,17.86954635,1.49088993,1684.81355279,1.1953518,6.63746424,1172.39655104,16.91736046,1.5404535,688.98065147,453.23253591,3.97329629,1.66561834,101.36559342
2021-03-14,7.77933806,108.49843119,491.9677498,1801.83561826,1358.32823647,9.03657158,234.61870916,1.95583,87.57322278,131.11560572,0.85846212,4380.2869404,731.10298545,212.75384981,53.03481329,25.65076584,12067.76154974,2.43616191,139.69476058,12089.99996974,6.83954398,865.41271746,1.0,10.13413964,13.52334356,2770.02458248,24.50396039,7920.22978934,17.85216,68.58373265,296.45372657,0.85846212,21.05221908,2.03183688,1.60741413,0.84743048,1.95583,10.70623299,366.91311198,48.1171228,4.38954647,735.19008025,159.96588875,187.67799822,0.85846212,9.27850943,61.38045904,4.48217815,27743.28207425,10.45841569,8.14116787,10.07410094,50230.62868124,,251.32595329,175.27877444,12566.76193727,3412.66110909,4.58285813,17.85216,4.19476366,0.9801077,92.87067848,3.09045635,110.26999999,26.17011751,455.3611427,0.44941306,2.13650649,61.63155231,11195.29806729,123.32896101,4.92267647,9.24118116,41.99599472,8.25213784,26.3345692,17.92871262,4274.20393104,7.43602305,17183.32214222,0.45957267,1.19524751,2366.89074127,2.69202765,3.03363944,33.30136679,43.10831878,86.90187282,101.3785976,4.35070093,9.52380786,18.58661636,2.40860118,612.89389947,128.24778307,130.29205522,500.77713148,2217486.09452897,1.60741413,629.72235648,13.13342144,4516.34102535,48.39507802,28.72648194,1.19524751,86.90187282,9.55686471,31.67405896,57.96876635,1.19524751,1744.3381223,33.71434312,36.71465466,937.34336266,24.78590108,4.88353279,4.36430853,655.95699982,3.9773677,1.11143227,0.8368464,0.36238505,116.50457622,1.19524751,655.95699982,0.00069169,4839.688249,2334.31358668,0.04610647,5.3687158,3.22719056,153.50060431,119.33174221,4.22015407,0.85846212,18.72551056,17.85216,207.14244849,3.28354003,1075.72271858,87.93594807,17.85216,1.49076292,1679.18335664,1.19524751,6.63881558,1167.28160033,16.84364738,1.53939108,688.92053932,453.1930021,3.97294963,1.66543205,101.35674948
2021-03-15,7.74552079,108.51279551,491.96774995,1796.22056216,1352.12493041,8.99781187,235.23998601,1.95583,87.05585244,130.64682132,0.85956727,4365.2796168,726.93348757,211.82921085,53.08387089,25.26544671,12019.15810789,2.42591797,139.0373359,12206.8615751,6.83959584,860.2958073,1.0,10.16569671,13.56150697,2763.02350612,24.60255714,7860.78939595,17.79688976,68.29088569,298.23284299,0.85956727,21.03606656,2.02440851,1.60403194,0.84478964,1.95583,10.72428539,367.22615084,48.33808633,4.37586734,738.43097669,159.19449881,187.1883393,0.85956727,9.25288795,61.18982287,4.46821035,27562.50887463,10.42582416,8.09104872,10.11860761,50073.50650337,,248.78470404,174.83788152,12546.00991587,3402.01940014,4.58979468,17.79688976,4.17451498,0.97704894,93.18073461,3.08978461,110.27000003,26.18529944,453.95477585,0.44801256,2.1326927,61.49315074,11151.90302181,122.88429786,4.90500685,9.19199063,41.53575348,8.21475615,26.180655,17.87284141,4265.40505987,7.43607243,17166.06125245,0.4581405,1.19152276,2343.512775,2.68221022,2.98429945,32.91883718,42.8005068,86.4928995,100.81964612,4.33714285,9.40423629,18.30167714,2.39839699,610.98393966,129.24195302,130.02324581,499.03313037,2199146.50006516,1.60403194,626.77745964,13.16352378,4478.74252492,47.94708432,28.59925729,1.19152276,86.4928995,9.53047459,31.57535316,57.88355197,1.19152276,1738.9324655,33.69091481,36.65319444,929.46727354,24.71446194,4.88496784,4.43581917,655.95700011,3.94495249,1.10621909,0.8340361,0.3600282,117.52223402,1.19152276,655.95700011,0.00068975,4826.09968053,2326.00153731,0.04558991,5.35464322,3.22002245,152.60803379,119.33174223,4.18214185,0.85956727,18.71937178,17.79688976,206.85047339,3.25605177,1072.32700172,87.66543229,17.79688976,1.48814363,1677.50883411,1.19152276,6.73202762,1180.9823834,16.86055181,1.54151211,686.19278108,451.77277776,3.95247952,1.65900246,101.04100898
2021-03-16,7.73858117,108.41438682,491.96774994,1793.24919373,1345.55528041,8.93303555,236.4512145,1.95583,86.56163784,130.48248087,0.85622022,4360.55467183,725.84966203,211.49362418,52.9555761,25.27428048,11978.95383633,2.42710368,138.69766582,12136.95297179,6.82441646,863.43994185,1.0,10.13611883,13.53911743,2758.29107319,24.53963196,7861.14006911,17.68585173,68.13913573,297.83224189,0.85622022,20.9850003,2.02108745,1.60077207,0.84339216,1.95583,10.71842245,367.45739771,48.22261185,4.36862863,737.54596611,159.03298639,186.6432648,0.85622022,9.23757216,61.00544504,4.46081889,27514.21475963,10.40857741,8.07516493,10.08708978,49996.73963555,,248.30136995,174.4899509,12525.33892019,3391.42797271,4.59323737,17.68585173,4.16832431,0.97543291,92.45529233,3.08331183,110.26999997,26.11685368,453.16275053,0.44727144,2.129056,61.45967502,11139.73118346,122.69585597,4.89323819,9.17893277,41.50112015,8.20196255,26.21958004,17.84327556,4227.33139821,7.43591204,17146.91744209,0.45738263,1.1895517,2340.64736849,2.67780131,2.9826208,32.98506603,42.73792743,86.28159619,100.69164672,4.3299682,9.4372499,18.31202652,2.39500317,609.97322949,129.01018472,129.69045208,498.36170512,2170343.37682542,1.60077207,625.81571375,13.13628873,4476.94889982,47.87635186,28.58313865,1.1895517,86.28159619,9.51469933,31.52312015,57.89595989,1.1895517,1739.08698305,33.63391207,36.60117175,931.91334005,24.48876635,4.88596176,4.40622612,655.95699974,3.92082742,1.1015992,0.83292315,0.35908007,117.40719724,1.1895517,655.95699974,0.00068787,4818.21110568,2323.67785229,0.045842,5.34818415,3.21462885,151.61270594,119.33174223,4.1738577,0.85622022,18.6620479,17.68585173,205.48568803,3.26228288,1070.5573269,87.24863205,17.68585173,1.48110026,1674.80704959,1.1895517,6.63764446,1178.71289671,16.83071524,1.53541383,689.24003792,451.28987234,3.94930205,1.65438629,100.87398116
2021-03-17,7.74398399,108.57910324,491.96775006,1794.67497969,1347.05487773,9.08200308,238.46582308,1.95583,88.2660091,130.68976207,0.85709252,4365.10418284,726.92067972,211.68134587,52.99469674,25.24839496,11992.51045005,2.43024529,138.90404245,12172.37779265,6.83000264,869.39081678,1.0,10.1396416,13.5470382,2760.63748509,24.55324066,7863.25503138,17.72547532,68.17202564,297.820613,0.85709252,21.00999776,2.02274407,1.6036684,0.84406273,1.95583,10.72124802,367.63788197,48.23095518,4.37210207,734.46238567,159.29916825,185.79518116,0.85709252,9.24672719,61.03674415,4.46436562,27520.65916016,10.41685311,8.08018271,10.13160125,50035.52054493,,248.82420306,174.40092517,12525.87162273,3393.73709057,4.61020056,17.72547532,4.16000899,0.97620877,92.57486959,3.10692123,110.27000001,26.14910096,453.26458401,0.44762706,2.13058212,61.52862326,11146.86644807,122.83388005,4.90661166,9.1877266,41.56127456,8.21676783,26.25106798,17.85746248,4257.36406616,7.43594877,17192.30343908,0.45774629,1.1904975,2342.53196125,2.68004696,2.98782648,33.00499937,42.78692922,86.40997976,100.79590348,4.3334109,9.40602474,18.35111146,2.39708935,610.4582102,129.16939965,130.03061222,499.26548227,2165714.7049545,1.6036684,626.39281253,13.13354004,4483.22882446,47.94107104,28.60564175,1.1904975,86.40997976,9.524129,31.54818372,57.93047556,1.1904975,1737.38144506,33.73222192,36.66878541,930.7520738,24.60994319,4.88759452,4.40166753,655.95700017,3.92648298,1.10399929,0.83394711,0.3594537,117.60543427,1.1904975,655.95700017,0.00068925,4820.48972391,2324.22186638,0.045863,5.35189061,3.21706114,151.39914036,119.33174225,4.17935043,0.85709252,18.69933922,17.72547532,206.4752397,3.26323683,1071.45216284,86.97663152,17.72547532,1.48531682,1675.84931612,1.1904975,6.72781523,1176.99927001,16.84054462,1.5443519,688.03139759,451.45384568,3.95769204,1.66244002,100.95468557
2021-03-18,7.75808556,108.82798775,491.96775007,1797.42521144,1343.18087282,8.72180602,235.52150569,1.95583,88.45720127,130.89307535,0.85579004,4371.9946253,728.10751696,212.00363587,52.94176623,25.31899351,11993.63509146,2.43138457,139.25778158,12180.27248097,6.83955723,857.9625491,1.0,10.15540187,13.56380359,2764.97055755,24.58112012,7870.35396081,17.62094818,68.2376823,298.10212024,0.85579004,21.04982876,2.02592697,1.60167345,0.8453562,1.95583,10.72318006,368.47575889,48.2583518,4.37880205,735.56702412,159.3928774,185.20782798,0.85579004,9.25881929,61.1407386,4.47120699,27561.96992098,10.43281632,8.0896575,10.08761138,50111.03486315,,249.24133597,174.68479469,12540.51827972,3395.56617623,4.62036659,17.62094818,4.16893562,0.97770537,92.58507591,3.10651429,110.26999997,26.14250943,455.7674742,0.44831302,2.13337219,61.58316093,11169.54820237,123.072859,4.90289301,9.20360591,41.63748329,8.23003678,26.28652279,17.88482797,4259.82928033,7.43633673,17190.10226567,0.45844776,1.19232187,2354.30034879,2.68413499,2.99683835,33.06567053,42.87728452,86.63003519,101.02090603,4.34005159,9.4274493,18.38598862,2.40160413,611.39370078,128.73635363,129.97266708,499.85806438,2147630.83342763,1.60167345,627.44254554,13.11856332,4493.05353143,48.0876335,28.65775615,1.19232187,86.63003519,9.53658386,31.59652942,57.96814001,1.19232187,1739.97959193,33.86542052,36.82452042,935.16779186,24.3921458,4.88584085,4.40655632,655.95700018,3.92703243,1.10712726,0.83449753,0.36021008,117.45269825,1.19232187,655.95700018,0.00068964,4826.41709699,2327.87262781,0.04549209,5.35852842,3.22178663,151.76200103,119.33174225,4.19078891,0.85579004,18.69101108,17.62094818,206.70754039,3.26492145,1073.12301163,86.25176511,17.62094818,1.48325424,1678.40780715,1.19232187,6.60643746,1180.28310013,16.86044042,1.5305217,689.11377352,452.0911674,3.97093438,1.65859004,101.10935304
2021-03-19,7.75053922,108.77049661,491.96774992,1795.11791485,1344.77321409,8.59072135,235.08670156,1.95583,88.43230363,130.74296369,0.85856803,4363.34602466,726.84319127,211.68759714,52.76237706,25.18349607,11989.26819451,2.42777959,138.70282921,12172.1584179,6.83356876,852.68375242,1.0,10.17350207,13.58592022,2761.45147617,24.57662027,7860.34915679,17.55954372,68.12656089,298.1541945,0.85856803,21.00874879,2.02312838,1.59910489,0.84427105,1.95583,10.68824624,367.75532438,48.30837697,4.37318112,740.1685312,159.01588115,184.75244908,0.85856803,9.24602075,60.96152587,4.46546745,27498.50385734,10.41942405,8.0833288,10.17590511,50055.53973324,,248.57824705,174.55223425,12521.33961678,3387.51932931,4.61662024,17.55954372,4.16003551,0.97644889,92.49784679,3.09545184,110.27000001,26.0805511,455.39464792,0.44773754,2.1315162,61.50662554,11155.30119393,122.80267866,4.89253788,9.19050701,41.53354991,8.21563639,26.24981151,17.8618698,4232.13750342,7.43567309,17149.72457747,0.45785926,1.19079132,2340.78862075,2.68044231,2.98071506,33.01476038,42.76292149,86.28480824,100.82882713,4.33448041,9.50347669,18.30252733,2.39798073,610.60887447,129.2735724,129.6289121,501.11978659,2145433.67379746,1.59910489,626.37958242,13.13840913,4487.7782821,47.89501665,28.64118394,1.19079132,86.28480824,9.52340137,31.55596998,57.77255348,1.19079132,1737.83752282,33.84388173,36.74401855,935.16133063,24.42315839,4.88433404,4.42103231,655.95699989,3.93102552,1.10753004,0.83472064,0.35987506,117.59421993,1.19079132,655.95699989,0.00068461,4821.50587329,2325.26149087,0.04539919,5.3547314,3.2181386,151.02276367,119.33174223,4.18188083,0.85856803,18.67546185,17.55954372,206.59210895,3.26591648,1071.67566411,86.26334146,17.55954372,1.4900577,1678.00274405,1.19079132,6.51542123,1181.756882,16.85287741,1.53761686,686.22642689,451.46621644,3.96647147,1.66240885,100.97942026
2021-03-20,7.77395072,108.61584569,491.96775009,1800.4802838,1349.08313579,8.62158556,235.95654204,1.95583,88.54665319,131.1559738,0.86120359,4374.93500181,729.01607987,212.59355157,53.14938218,25.31620064,12022.63786039,2.43563036,139.07190297,12170.79016593,6.84342324,851.80111989,1.0,10.14430421,13.52036777,2769.14036226,24.69351667,7884.54321223,17.52655497,68.33004639,299.05716539,0.86120359,21.07150666,2.03036537,1.60288942,0.84679305,1.95583,10.74265702,368.88824255,48.45265806,4.38624467,741.94276597,159.5577123,186.60562998,0.86120359,9.27548907,61.14364219,4.47880668,27551.28690202,10.45054891,8.10747411,10.20537919,50192.87733479,,251.0232663,175.07400545,12557.34267627,3405.07893539,4.62982166,17.52655497,4.19173907,0.97937496,92.21474645,3.09945323,110.26999999,26.15743726,456.20969946,0.44907502,2.13489955,61.6901087,11188.39168534,123.16966481,4.90578515,9.21795731,41.65751724,8.24014903,26.2015709,17.9152267,4244.3056685,7.46137753,17171.73803361,0.45922698,1.19434845,2365.08820091,2.68997775,3.03129654,33.0643644,42.89064527,86.51440308,101.12996462,4.34742835,9.49782002,18.45968995,2.40514313,612.43288282,128.56149879,130.04611593,502.40385128,2151775.36917165,1.60288942,630.41117336,13.17766037,4501.20489348,48.03617501,28.72673451,1.19434845,86.51440308,9.55375374,31.65023384,57.91392749,1.19434845,1743.06887935,33.93686324,36.77396117,937.33896821,24.49116458,4.89986949,4.40483975,655.9570003,3.94223273,1.11041343,0.83649047,0.36090754,117.74327638,1.19434845,655.9570003,0.00068475,4837.5639561,2332.1212004,0.04539255,5.37075134,3.22775168,151.50207635,119.33174231,4.2081986,0.86120359,18.65696764,17.52655497,206.62860142,3.28105024,1074.91343214,86.01708279,17.52655497,1.49451081,1682.99371427,1.19434845,6.55786608,1185.26111169,16.90316032,1.54482113,688.2319653,452.79253467,3.9769719,1.66705186,101.28074144
2021-03-21,7.76751075,108.81992624,491.96774998,1799.39299038,1348.41174539,8.61200249,235.81405006,1.95583,88.4186236,130.9394677,0.86057393,4377.25859688,731.46419153,212.46537039,52.97282495,25.73618085,11968.33716416,2.43958839,138.97000786,12163.24294335,6.83017668,851.40374698,1.0,10.13050943,13.51220295,2766.22970303,24.58841881,7849.75737627,17.54981458,68.1919006,295.77797978,0.86057393,21.14199592,2.02913925,1.60195514,0.84628168,1.95583,10.69921297,368.54963308,48.10703149,4.38359586,741.49471358,160.42635228,186.03908942,0.86057393,9.26878318,61.10671811,4.47610197,27711.11943674,10.44423792,8.09672739,10.19876588,50162.29353319,,250.87242735,173.23607488,12549.75941297,3403.27445121,4.62580219,17.54981458,4.18945788,0.97877971,92.15963369,3.09746499,110.27000001,26.13048595,454.47799489,0.44880382,2.13360947,61.6858925,11179.40100637,123.21847207,4.90243993,9.2184884,41.88166727,8.24200627,26.36698759,17.90440786,4247.87327183,7.456871,17282.46007535,0.45894965,1.19362719,2364.04154835,2.68835843,3.02951495,33.17668381,43.06611962,86.45101579,101.27323115,4.34480298,9.49207505,18.69838267,2.40539407,612.06304026,128.4836089,130.04847061,502.35488154,2150475.75289743,1.60195514,630.03047387,13.1136516,4501.30773889,48.46067048,28.67840958,1.19362719,86.45101579,9.54684668,31.63112056,57.91786038,1.19362719,1741.96296169,33.94983759,36.80309142,936.21523965,24.47979101,4.90545821,4.35663534,655.95700006,3.94319579,1.10980285,0.83598532,0.36154071,116.32857747,1.19362719,655.95700006,0.000684,4830.15735661,2331.51099715,0.0454629,5.35361855,3.222795,151.30888292,119.33174225,4.21381347,0.86057393,18.79402377,17.54981458,206.50310204,3.28903883,1074.26447201,85.96511651,17.54981458,1.49213303,1676.77552676,1.19362719,6.55594488,1166.51131812,16.80783228,1.54681536,696.58605745,452.51897614,3.97457025,1.6660619,101.21957893
2021-03-22,7.7639675,109.26373971,491.96774985,1798.7432609,1344.67353736,9.40020748,236.54931823,1.95583,89.57471887,131.06117765,0.86132525,4372.43248174,728.69599943,212.11055555,52.8630335,25.31582165,12040.39123014,2.43319452,138.82910781,12198.91871458,6.84465526,855.1300871,1.0,10.15561482,13.61241929,2766.97898019,24.52198005,7875.82548578,17.55975841,68.14393571,298.74804812,0.86132525,21.05134263,2.02719125,1.59889134,0.8459761,1.95583,10.69417834,366.38396144,48.40491356,4.38201302,747.09192242,159.45058597,186.2562369,0.86132525,9.26659859,61.15609049,4.47448572,27556.73902053,10.44046669,8.09901131,10.12761382,50144.14607372,,249.10911796,174.59506136,12528.41441538,3400.37351455,4.5952139,17.55975841,4.18032517,0.97842087,92.83313632,3.10491595,110.27000002,26.07096302,453.62562598,0.44864177,2.13579047,61.75153857,11187.91506476,122.72603571,4.90798157,9.21157985,41.89968081,8.23711218,26.31140237,17.89794289,4251.69863038,7.43624732,17178.46822811,0.45878394,1.19319619,2341.06988177,2.69948833,3.00420755,33.02730653,42.8545605,86.36336413,101.05908917,4.34323414,9.54498351,18.31626155,2.40020954,1500.64164117,129.98548218,129.6860626,502.33976121,2149642.01031905,1.59889134,628.78327415,13.16472345,4509.39856689,48.1645944,28.73363511,1.19319619,86.36336413,9.54459655,31.61969911,57.89668927,1.19319619,1741.34857887,33.90139459,36.82282719,936.27122974,24.58913853,4.88865635,4.43771993,655.95699998,3.93892942,1.10163994,0.83542046,0.36035536,117.59330826,1.19319619,655.95699998,0.00068659,4832.18277838,2331.86747016,0.04645225,5.36706584,3.22463235,149.4671456,119.33174222,4.18813462,0.86132525,18.76954094,17.55975841,206.87609428,3.26819679,1073.82872991,85.96051677,17.55975841,1.49530441,1681.90976184,1.19319619,6.60351728,1185.14438486,16.88674022,1.54018082,688.2249234,452.34417521,3.97336249,1.66294525,101.18300894
2021-03-23,7.73603801,108.79204654,491.96774998,1789.67296354,1341.36818085,9.32936049,235.59421229,1.95583,90.28858151,130.34705173,0.86067297,4344.0213903,725.1261773,211.04543515,52.53162871,25.14115567,11897.17358471,2.43372662,138.41646174,12162.12818124,6.81575177,857.63004433,1.0,10.17125426,13.53565939,2753.19887589,24.54198149,7802.43833581,17.47830588,67.80112511,297.26210526,0.86067297,20.94563867,2.01699032,1.59471443,0.8417102,1.95583,10.66851808,365.83311248,47.78246923,4.35991639,739.55684978,158.84845651,185.27922458,0.86067297,9.22114882,60.8349132,4.45192279,27406.05569542,10.38781985,8.05813774,10.15435612,49897.59945665,,247.84290776,173.65957801,12462.43081831,3377.29312063,4.61569254,17.47830588,4.15943463,0.97348713,91.64570408,3.12279819,110.27000002,26.19911013,451.10982318,0.44637946,2.12503706,61.4285265,11133.99230392,123.08736014,4.8939436,9.1636044,41.67677344,8.19652397,26.1765468,17.80769118,4265.24988608,7.43571982,17104.52733835,0.45647048,1.18717941,2329.26901835,2.68584338,2.97218901,32.98304872,42.66290359,86.10666358,100.55269929,4.32133306,9.48941735,18.29459416,2.38829058,1493.09423971,129.01946079,128.94134268,499.64722619,2140033.3944519,1.59471443,625.95752751,13.0983126,4488.76905837,47.80540155,28.57266594,1.18717941,86.10666358,9.49778328,28.50896512,57.73148643,1.18717941,1735.94362325,33.7959759,36.79937113,930.5204926,24.48955166,4.88897658,4.41273477,655.9569998,3.90875584,1.10778912,0.83262691,0.35875345,117.51876747,1.18717941,655.9569998,0.00068627,4807.00416948,2336.5093175,0.04686601,5.34143836,3.20836536,148.19594124,119.33174224,4.14389834,0.86067297,18.71422661,17.47830588,205.91814906,3.25682173,1068.43543004,85.58766716,17.47830588,1.48955729,1673.50165002,1.18717941,6.50456673,1177.98553996,16.80147206,1.545294,684.80688615,450.48884266,3.95322453,1.68803352,100.67272467
2021-03-24,7.71866593,108.19923192,491.96775022,1783.38717395,1340.07042005,9.38332606,235.46178592,1.95583,90.47320362,129.89481149,0.86235485,4335.81509707,722.79272552,210.31885178,52.2345076,25.05385348,11843.40074426,2.43732307,138.04845185,12088.39886337,6.79314123,861.56767187,1.0,10.1673075,13.49177386,2743.43079729,24.57276828,7768.45317302,17.60001697,67.50659823,296.21764739,0.86235485,20.87387027,2.01002391,1.59157155,0.8387539,1.95583,10.67402447,365.02888934,47.61700787,4.34460325,736.98913714,158.69715637,184.67058912,0.86235485,9.189585,60.62247452,4.4362865,27307.48327071,10.35133517,8.0315326,10.1330885,49716.50729299,,247.82651742,172.84092781,12437.04517699,3377.68323797,4.62726763,17.60001697,4.13331261,0.97012404,91.32446498,3.11503343,110.27000003,26.25240565,449.54262944,0.44481166,2.11773076,61.49153799,11103.00248837,123.02201469,4.88765676,9.1314349,41.50913065,8.17075966,26.11771158,17.74514601,4304.4431296,7.43610263,17092.7494787,0.45486724,1.18300973,2324.01831376,2.67635884,2.99882095,33.05501039,42.51374915,85.87773052,100.20834847,4.30615543,9.44871409,18.16090748,2.38069733,1487.84476572,129.85891586,128.74174597,498.1611717,2158421.54765496,1.59157155,624.07726623,13.05335385,4479.70750548,47.63990469,28.49027873,1.18300973,85.87773052,9.46527255,28.41451251,57.49990666,1.18300973,1729.26695683,33.71275537,36.68492832,928.31427435,24.62022118,4.88778381,4.4044795,655.95700011,3.9083321,1.10664323,0.83134546,0.35761853,117.5635741,1.18300973,655.95700011,0.0006825,4792.04588338,2325.72854071,0.04689411,5.32504537,3.1970925,149.8094808,119.33174227,4.15107909,0.86235485,18.64607505,17.60001697,205.13681059,3.26045457,1064.67221668,85.27456827,17.60001697,1.4852372,1667.60490779,1.18300973,6.58298353,1170.95403968,16.74225329,1.55243358,682.54405153,448.62917568,3.95113194,1.69418087,100.32518781
2021-03-25,7.70685588,108.05499963,491.96775013,1775.02072533,1338.43421636,9.36400261,233.70481596,1.95583,90.04884012,129.2770287,0.85825087,4312.08146375,720.91185194,209.39269737,52.11652945,25.05023825,11780.66126239,2.43593591,137.59606372,12002.59257867,6.76606581,857.12413454,1.0,10.2104195,13.42937232,2729.93526844,24.48735122,7707.37833137,17.72664077,67.11166811,294.26067581,0.85825087,20.82232066,2.00047835,1.58821016,0.83481903,1.95583,10.66185585,364.5180891,47.33271051,4.3242213,737.13281917,158.12452027,183.36634078,0.85825087,9.1475947,60.33740026,4.41547444,27229.59696489,10.30277369,7.99839616,10.20301811,49479.41782508,,246.95948338,171.330367,12355.134569,3353.84191909,4.64538854,17.72664077,4.12524571,0.96551718,90.8942267,3.10347474,110.26999999,26.20694271,448.01281688,0.4427249,2.10665237,61.46174535,11038.93012902,123.01877467,4.87260517,9.09257157,41.30026425,8.14639371,25.97880098,17.66189776,4302.55640152,7.43564229,17009.61235193,0.45273331,1.17745985,2316.30143,2.68761211,3.00562921,33.04707804,42.36393934,85.59630711,99.78846235,4.28595386,9.41211061,18.03612693,2.37084408,1480.73070653,129.41589029,128.49968225,499.47526627,2167069.49098441,1.58821016,621.3660675,12.99221632,4460.74048728,47.50918299,28.34892861,1.17745985,85.59630711,9.42202254,28.28913781,57.18034509,1.17745985,1718.16380194,33.7029113,36.67721079,922.26513091,24.48286325,4.88499612,4.36359336,655.95700008,3.92156601,1.10625422,0.82846654,0.35571284,117.44089608,1.17745985,655.95700008,0.00068023,4767.38041366,2314.59564484,0.04728057,5.3049945,3.18207996,149.98882673,119.33174226,4.13142875,0.85825087,18.52783087,17.72664077,203.93160368,3.25300282,1059.66829147,83.07956489,17.72664077,1.48526419,1657.9088605,1.17745985,6.63602177,1165.71650915,16.64832936,1.5559795,678.93240871,446.34474833,3.93258841,1.69505525,99.84911398
2021-03-26,7.71794869,108.37328126,491.96774994,1778.7106768,1333.89398606,9.51995115,234.77286052,1.95583,89.44523754,129.55216256,0.85533662,4319.03857008,721.444048,209.75941997,52.4733078,24.98192324,11812.93051759,2.43828535,137.7517515,12089.61872666,6.78394925,860.29538173,1.0,10.20323675,13.45338251,2736.18666585,24.82048886,7746.05576381,17.70693459,67.23194521,295.36985047,0.85533662,20.82160038,2.0046369,1.58747459,0.83655447,1.95583,10.67967973,362.72927714,48.85804135,4.33321059,738.56007171,157.65263795,182.96034677,0.85533662,9.16630132,60.47261502,4.42465342,27235.38690722,10.32419132,8.01717996,10.12553108,49618.35540051,,247.29785683,172.1836949,12395.56790623,3362.21910748,4.64081279,17.70693459,4.12236447,0.96752436,91.0868254,3.09925933,110.26999995,26.08591377,449.53620685,0.44364525,2.11187588,61.59581688,11082.67650706,123.6277634,4.89247513,9.11260056,41.77138967,8.16242611,26.03971552,17.6986137,4333.71853657,7.43590841,17006.80192049,0.45367446,1.17990758,2320.13333992,2.69864831,3.00573039,32.98851854,42.42857338,85.693158,99.97427164,4.29486359,9.43662787,18.04862809,2.37765196,1483.94567732,130.06642669,129.26470972,500.70581732,2182226.31808126,1.58747459,622.70714694,13.01985859,4469.27477271,47.58133502,28.37659694,1.17990758,85.693158,9.44129036,28.4780452,57.16811768,1.17990758,1721.98697643,33.76881468,36.76516033,926.23660394,24.28585971,4.88696358,4.40662746,655.95700001,3.93081168,1.10876193,0.83036609,0.35661509,117.63212506,1.17990758,655.95700001,0.00068041,4772.76177895,2319.52134081,0.04708189,5.32271332,3.18867322,150.00571687,119.33174222,4.12577019,0.85533662,18.5374657,17.70693459,204.52929196,3.26298835,1061.92703795,82.81414878,17.70693459,1.48445959,1663.77530867,1.17990758,6.74537103,1161.79272657,16.69734644,1.54715281,681.43287117,447.46555405,3.97528172,1.68686938,100.0564158
2021-03-27,7.71549596,108.10838911,491.96774998,1778.04210356,1332.46380977,9.54747508,234.22463636,1.95583,89.5416652,129.48474059,0.85532613,4322.88167877,721.30503315,209.94415977,52.32047515,24.93439318,11812.67257291,2.44039814,137.40211997,12021.08808973,6.78658694,864.73117133,1.0,10.19119646,13.34225953,2734.60247338,24.98196481,7739.98474764,17.66780101,67.21567699,295.19796737,0.85532613,21.08680076,2.00388378,1.58742273,0.83624003,1.95583,10.58452189,362.55355893,47.34147539,4.33158184,732.6235936,157.48517903,182.80337867,0.85532613,9.16367004,60.45169468,4.42299031,27244.85657049,10.32031072,8.01472061,10.18008389,49567.35375824,,247.7463177,172.09885246,12396.16862901,3367.63592206,4.6423382,17.66780101,4.13986349,0.96718079,91.11353761,3.10198626,110.26999997,26.0726794,449.28082541,0.44347849,2.10829348,61.56808589,11078.35933814,123.34910525,4.89071543,9.1092636,41.37011783,8.15999243,26.03309278,17.69196123,4351.35363163,7.43774287,16999.46445689,0.45350394,1.17946408,2337.36750499,2.70333199,3.0484682,32.70350354,42.42897701,85.47565785,99.94304412,4.29324926,9.41309601,18.1693347,2.37676702,1483.38931719,128.96114023,129.29222383,497.03870702,2181405.97528507,1.58742273,624.49522366,13.0168341,4468.47222305,47.53199523,28.364397,1.17946408,85.47565785,9.43858015,29.04327881,57.12694416,1.17946408,1721.34168422,33.74125232,36.57077944,926.75048772,24.28195479,4.88487224,4.39999406,655.95700025,3.92861785,1.10785939,0.83054554,0.35643668,116.33969248,1.17946408,655.95700025,0.00068072,4774.41462227,2317.91617352,0.04702732,5.32079478,3.1873336,150.00064979,119.33174226,4.16307166,0.85532613,18.48692638,17.66780101,203.92388647,3.27244077,1061.59610378,82.71648389,17.66780101,1.48750456,1662.8080237,1.17946408,6.78940621,1159.36947064,16.6891946,1.54598612,681.27969491,447.14955904,3.94824392,1.68146394,100.01856569
2021-03-28,7.72303193,108.42331477,491.96775009,1779.76086009,1332.72756939,9.5859706,234.4510512,1.95583,89.37900687,129.74825709,0.85601906,4324.78568348,725.19838703,210.14707525,52.42488964,25.08629571,11826.40132095,2.44275717,137.91198232,12032.83290822,6.78460819,865.17051801,1.0,10.20540367,13.35515692,2736.06215152,24.56230268,7661.09641926,17.67110113,67.2479871,292.64028545,0.85601906,21.10688648,2.00582085,1.58897313,0.83704839,1.95583,10.66427461,362.86337272,47.38723835,4.33576899,733.3317892,158.92685398,182.95660378,0.85601906,9.17204488,60.51013073,4.42726582,27406.84136318,10.33028691,8.03551809,10.12296061,49615.27173586,,247.98425336,170.44820272,12408.15146997,3370.91234746,4.64110965,17.67110113,4.14386532,0.96810089,91.20163216,3.10498864,110.27000001,26.09603224,449.31141867,0.44390719,2.11033054,61.63776894,11123.88286572,123.46834151,4.89639488,9.12013186,41.41010854,8.17547307,26.13671379,17.70906328,4354.68834856,7.44398769,17036.33249542,0.45394232,1.18060422,2339.70880698,2.70594543,3.05141369,33.16167564,42.59452501,85.79283504,100.17481257,4.29739936,9.42218946,18.37179377,2.37927374,1484.82515672,129.08572962,129.48363444,500.87746579,2183514.66159633,1.58897313,625.09889622,13.02941691,4472.7917022,48.04517044,28.36986109,1.18060422,85.79283504,9.44720622,29.5148246,57.17669117,1.18060422,1723.01014412,33.825605,36.77092171,927.32279433,24.31275261,4.89063147,4.3104594,655.95700012,3.93665848,1.10885517,0.83134839,0.35726822,116.45215304,1.18060422,655.95700012,0.00068139,4764.61480518,2312.22966367,0.04710009,5.32738443,3.18763575,150.14564894,119.33174226,4.16709592,0.85601906,18.55865999,17.67110113,204.12025219,3.27672952,1062.54391866,82.79645326,17.67110113,1.48416985,1658.47899263,1.18060422,6.7971425,1154.28777026,16.63396954,1.5461717,681.93825857,447.58180209,3.95206051,1.68348434,100.11524932
2021-03-29,7.73760579,108.28379216,491.96775001,1775.9412591,1335.89545738,9.6423331,234.55293886,1.95583,89.17440511,129.22439986,0.85405778,4312.39820608,721.34979477,209.44004078,52.45670607,24.84333647,11825.06235094,2.4447808,137.80844895,12068.42501436,6.80598434,864.65195927,1.0,10.2373226,13.42781446,2732.05061553,24.76806925,7600.02128395,17.53662782,67.08715708,294.84502932,0.85405778,21.17554857,2.00151635,1.58765457,0.83525198,1.95583,10.66020595,362.88580268,47.3131623,4.32646386,734.43453453,157.69476318,181.74755939,0.85405778,9.15668738,60.38086562,4.41776433,27202.80254029,10.30811676,8.00436724,10.04170458,49511.15547101,,246.32879886,171.13606105,12365.63456386,3352.07547564,4.66737228,17.53662782,4.115635,0.96601779,90.95285465,3.09176467,110.27000003,26.0995323,459.46837055,0.4429545,2.10856678,61.63712579,11072.71526756,123.21050206,4.87978984,9.09599872,41.30979642,8.14805003,26.02333178,17.6710573,4360.46811641,7.43664358,17018.26175497,0.4529681,1.17807049,2322.20807907,2.66459191,2.9896558,32.93700898,42.37724612,85.72842857,99.75085852,4.28817657,9.41700951,18.09896927,2.37354488,1481.6001148,129.32266258,129.26138124,499.79288388,2181152.84959042,1.58765457,621.70530259,13.07607872,4466.82562566,47.52659216,28.30214732,1.17807049,85.72842857,9.431388,28.27499589,57.09021462,1.17807049,1719.6844076,33.65502899,36.77153631,925.27701044,24.25757948,4.90872234,4.40635513,655.95700029,3.92444962,1.10496,0.83034492,0.35600289,117.61234687,1.17807049,655.95700029,0.00068806,4767.22769484,2313.17349596,0.04773476,5.32945971,3.18375933,150.09354532,119.33174227,4.13864027,0.85405778,18.49437136,17.53662782,203.78221253,3.26214701,1060.2942144,82.54967254,17.53662782,1.48340849,1659.84818722,1.17807049,6.80789642,1156.38177549,16.66994438,1.54098722,680.62629698,447.07236592,3.99350909,1.67899625,99.89897163
2021-03-30,7.70551914,107.81465806,491.96774974,1767.50141181,1329.91062791,9.77101455,233.3099668,1.95583,89.16673616,128.4903296,0.85403297,4293.8248536,718.0589017,208.44734202,51.9491827,24.67485484,11757.272261,2.41306676,138.39129004,12002.36509316,6.76513568,854.58641905,1.0,10.24359827,13.36394466,2718.88074464,24.70638297,7558.32034112,17.49074858,66.81528964,293.45681455,0.85403297,21.1450441,1.99200497,1.57980619,0.83128259,1.95583,10.63309258,363.31502498,47.13232688,4.30590311,734.09970081,157.21352694,180.90745323,0.85403297,9.11558605,60.02370217,4.39676968,27055.85570141,10.25912925,7.96673088,10.02472465,49280.63562149,,245.22342199,170.44524847,12289.11085068,3341.59099911,4.65801357,17.49074858,4.09602413,0.96142697,90.51851534,3.08382244,110.26999994,26.15390614,458.03997771,0.44084944,2.09854015,61.56301495,11010.62215608,122.62406945,4.86710512,9.04732536,41.00000837,8.09873755,25.8875931,17.58707872,4386.01943522,7.43713607,17002.20820268,0.45081545,1.17247192,2342.1201091,2.6518889,2.97845025,32.64971019,42.26358367,86.09100471,99.33594419,4.26779777,9.37221711,18.06858305,2.36216085,1474.5777144,128.73960662,129.22636854,498.3616202,2169309.84595776,1.57980619,618.72813707,13.02483548,4460.30669832,47.29973794,28.1721921,1.17247192,86.09100471,9.38905363,28.17689341,56.89150804,1.17247192,1710.99836883,33.43993307,36.70927679,920.15770705,24.15124412,4.92271372,4.40730015,655.95699993,3.91237974,1.1053683,0.82768672,0.35449962,117.55842955,1.17247192,655.95699993,0.000695,4757.62040592,2304.28331262,0.0485166,5.31271241,3.16862856,148.48917178,119.3317422,4.11392718,0.85403297,18.43061602,17.49074858,202.79704593,3.25892366,1055.21566447,81.19652732,17.49074858,1.48030652,1651.97158153,1.17247192,6.7281655,1151.32657287,16.59026092,1.54129024,675.916436,444.52104481,4.00298509,1.67776456,99.40121453
2021-03-31,7.6952104,108.02108064,491.96774994,1770.32162774,1323.41652116,9.71718809,234.2292531,1.95583,88.71700763,128.45152665,0.85107669,4304.33897658,719.88897802,208.78052533,52.1096263,24.1950443,11789.75908899,2.43183606,138.11969733,12039.31483344,6.79020721,845.72076433,1.0,10.23990868,13.38885329,2723.28784336,24.73513622,7572.4494678,17.33014312,66.89518687,294.02458763,0.85107669,21.18941111,1.99518345,1.57859318,0.83260898,1.95583,10.64620949,362.09468094,47.20769772,4.31277358,739.75295166,157.2660181,179.84969972,0.85107669,9.1305009,60.18961776,4.40378514,27072.76744647,10.27549867,7.97666658,10.02032381,49352.14722697,,245.48454294,170.88979547,12309.96378502,3358.91794037,4.63352036,17.33014312,4.10273405,0.96296098,90.65880852,3.0802436,110.27000004,26.10675752,446.23759125,0.44155286,2.10202072,61.72050677,11027.30718238,122.82017897,4.86491131,9.06037041,41.26150505,8.11154369,25.9238137,17.61514057,4315.5559627,7.43802264,17070.58688761,0.45153477,1.17434271,2346.48323736,2.66566191,2.98518225,32.70266039,42.30496068,85.92205122,99.52590652,4.27460745,9.38712408,18.03864685,2.36658437,1476.94678856,129.35662867,129.87244791,499.90928677,2240938.31054278,1.57859318,619.71470732,13.03365842,4468.84028395,47.87719685,28.22746516,1.17434271,85.92205122,9.40441593,28.22864098,57.00478131,1.17434271,1714.15831993,33.45458891,36.71814837,922.70816396,24.00885837,4.91954932,4.41787183,655.95699992,3.92084228,1.10595713,0.82797798,0.35508666,117.59389654,1.17434271,655.95699992,0.00068776,4746.52283153,2308.70068485,0.04827618,5.32735209,3.17368288,148.70175817,119.33174225,4.12409543,0.85107669,18.45547256,17.33014312,203.14444109,3.26392794,1056.89628579,79.46560456,17.33014312,1.47630294,1655.75971459,1.17434271,6.64175652,1153.56633168,16.61998767,1.54252136,677.31700046,445.64279602,4.02179389,1.68056372,99.55982246
2021-04-01,7.72765747,108.06111875,491.96775001,1774.5813328,1329.08924979,9.58894481,234.86074824,1.95583,89.86974156,128.18642392,0.85151864,4308.39108423,721.36091871,209.26623975,52.03665781,23.88480073,11816.61920052,2.43594691,138.74342475,12035.76707063,6.80095514,841.30373782,1.0,10.25757528,13.42078502,2730.21428516,24.55835018,7589.40746367,17.24661121,67.04222885,294.74233927,0.85151864,21.21388253,1.9999871,1.58266092,0.83461238,1.95583,10.65901848,361.15359618,48.90231154,4.32315088,736.86950269,157.41079522,179.66110079,0.85151864,9.15439414,60.34633876,4.41438142,27156.84367334,10.30022332,7.99650338,10.04620709,49470.83519356,,246.05233703,171.23134037,12334.7210386,3354.6593233,4.58977116,17.24661121,4.1243586,0.96527808,92.18322527,3.10714427,110.27,26.10072582,448.88376825,0.44261531,2.1071234,61.78834198,11060.12816505,123.35083138,4.88005547,9.08638688,41.12640835,8.13982423,26.00423795,17.6575257,4310.39305042,7.43817817,17094.10172508,0.45262124,1.17716838,2355.19296497,2.67485332,2.99021551,32.7976487,42.40693401,86.31006204,99.74114732,4.2848929,9.36912669,18.04732903,2.37234006,1480.48135007,129.6417744,130.21244783,503.12622256,2205505.92886429,1.58266092,621.23037978,13.05743754,4469.16269114,47.756886,28.29068008,1.17716838,86.31006204,9.42902596,28.30013301,57.17032728,1.17716838,1717.98669252,33.54641817,36.766956,924.9074666,23.94087832,4.91257273,4.40619726,655.9570002,3.92355445,1.10796512,0.83000135,0.35574622,117.70045139,1.17716838,655.9570002,0.00068125,4761.05022199,2314.41267113,0.04749991,5.33486117,3.18131258,148.70414815,119.33174227,4.11598989,0.85151864,18.49291374,17.24661121,203.74865459,3.26286071,1059.51501415,79.46402224,17.24661121,1.47957638,1659.66694329,1.17716838,6.69355263,1170.64279679,16.65979601,1.54820811,678.99231009,446.39572549,4.03166704,1.67888804,99.81824104
2021-04-02,7.72404675,107.85505069,491.96775018,1772.96845252,1327.83600162,9.62370937,233.91255926,1.95583,89.96069685,127.87136502,0.85090981,4294.50943282,721.08791868,209.08151355,52.02746664,23.88309929,11736.3966452,2.43456772,138.7264124,12008.98565649,6.78938714,843.26452906,1.0,10.26784878,13.40775369,2727.33329067,24.74515308,7581.5992351,17.23775806,66.97233885,294.4870032,0.85090981,21.19443789,1.99819176,1.58261345,0.83385382,1.95583,10.65890263,361.9556417,48.68927148,4.31922165,741.80221708,157.39109588,180.64654053,0.85090981,9.14578265,60.25668214,4.41036928,27136.49961743,10.29086166,7.98932232,10.03514991,49462.55040109,,245.8447905,171.03810713,12326.16730809,3359.2829408,4.6075051,17.23775806,4.12067791,0.96440075,91.73220861,3.10166931,110.27000006,26.08797212,448.07179668,0.44221303,2.10519355,61.73380834,11046.44946254,123.00284689,4.86940556,9.07815934,41.09859408,8.12204773,25.89838181,17.64147714,4306.50830793,7.43888107,17086.66864267,0.45220986,1.17609848,2353.28820798,2.68489847,2.98783276,32.76904317,42.35715477,86.29947893,99.641144,4.28099845,9.36325911,18.04651398,2.37018391,1479.15408562,129.51815695,130.18251172,502.38796295,2265656.36154566,1.58261345,620.71443115,13.04393051,4464.80489055,47.48239048,28.25917661,1.17609848,86.29947893,9.42015614,28.2448687,57.11303321,1.17609848,1719.7424301,33.5722742,36.82054822,923.65019746,23.91335965,4.91706133,4.39415463,655.95700015,3.9182896,1.10799441,0.82874126,0.35523331,117.55248587,1.17609848,655.95700015,0.00067981,4755.7710734,2312.6086128,0.04700911,5.33581297,3.17841408,148.73181239,119.3317423,4.11242331,0.85090981,18.50170023,17.23775806,203.38721619,3.26204942,1058.5152364,78.71553993,17.23775806,1.47790315,1658.28600204,1.17609848,6.71349933,1152.90288279,16.64444084,1.54685167,678.24391683,446.29823874,4.03395396,1.6759222,99.72588565
2021-04-03,7.72336092,107.66014023,491.96774975,1772.92177429,1327.71732849,9.60405203,234.30093419,1.95583,89.74135535,128.111627,0.85032994,4309.79650627,721.10328075,209.3397749,52.03812636,24.08493929,11744.95078023,2.43921284,138.73988725,11987.26351754,6.77797616,843.47759974,1.0,10.25864049,13.31386823,2725.63062277,24.5456849,7453.16555135,17.23794948,66.99833786,291.95106127,0.85032994,21.16162382,1.9993071,1.58263953,0.83383187,1.95583,10.54388198,361.08106904,48.68886672,4.31910794,741.79594807,157.52767632,179.32471959,0.85032994,9.14517065,60.27209382,4.41025317,27291.8904596,10.29059073,7.95367162,10.03472501,49424.62611238,,248.36746324,170.94967645,12333.40496379,3358.06318665,4.59480424,17.23794948,4.12799067,0.9643803,90.93407977,3.09894064,110.26999994,26.08713733,448.04584235,0.44220138,2.10222152,61.61850454,11073.9758718,123.01659224,4.8696677,9.07482972,41.26477246,8.11047123,26.0715214,17.64101268,4299.26287144,7.43795874,17144.96295576,0.45219796,1.17606751,2330.85624205,2.69061055,3.03263512,32.86499226,42.42752929,86.30786145,99.75344747,4.28088574,9.39349769,18.36425771,2.3700235,1479.12605591,128.43593027,130.18309118,502.09757794,2332568.84591404,1.58263953,627.02999578,13.04543976,4456.57707039,47.89496884,28.27964573,1.17606751,86.30786145,9.41952577,29.10135848,57.1198582,1.17606751,1716.40379936,33.60904995,36.14520184,924.64104433,23.8902844,4.91866434,4.29959444,655.95699967,3.92046562,1.10861696,0.8291856,0.35606932,117.54052898,1.17606751,655.95699967,0.0006798,4757.54707545,2301.78634699,0.0470042,5.31598112,3.1761435,148.7659549,119.3317422,4.15148555,0.85032994,18.47106428,17.23794948,202.98457233,3.27375052,1058.46075043,78.66693132,17.23794948,1.47974675,1652.4650651,1.17606751,6.71301201,1150.79113503,16.58096896,1.54529689,688.54197128,447.03789743,4.04681994,1.67231829,99.72464257
2021-04-04,7.71991496,107.64500047,491.96774987,1772.6724564,1328.01176945,9.604933,234.26798552,1.95583,89.70915623,128.09361124,0.85022647,4309.19043928,721.00187529,209.3103364,52.03080847,24.08155233,11743.29914147,2.43886982,138.69613628,11985.57780345,6.777023,843.36752603,1.0,10.25777116,13.31199596,2725.24732979,24.54223315,7452.11744674,17.23567663,66.98891619,291.91000552,0.85022647,21.15864795,1.99902595,1.58236291,0.83371461,1.95583,10.52923733,361.07653179,48.68201983,4.31850056,741.6916327,157.50552392,179.29950197,0.85022647,9.14383258,60.26361803,4.40963298,27288.05252576,10.28914361,7.95255314,10.03393083,49417.67575306,,248.33253646,170.92563658,12331.67057341,3357.59095757,4.59458265,17.23567663,4.12741017,0.96424477,90.92129213,3.09850485,110.26999995,26.0846631,447.98283571,0.4421392,2.1019259,61.60983941,11072.41858918,122.99929298,4.8689829,9.07355357,41.25896958,8.10933069,26.06785508,17.6385319,4298.65828575,7.43765014,17118.9021322,0.45213437,1.17590213,2330.52846439,2.69023218,3.03220865,32.86037061,42.4215629,86.28064465,99.7394196,4.28028374,9.39217672,18.36167523,2.36969021,1478.91805317,128.41786891,130.15265035,502.02697025,2332240.82741626,1.58236291,626.94181942,13.04360524,4455.95036232,47.88823359,28.27566889,1.17590213,86.28064465,9.41814756,29.39754271,57.1118257,1.17590213,1716.16242934,33.58597023,36.13748214,924.51101628,23.88809886,4.91797266,4.2989898,655.9570001,3.9165917,1.10831473,0.82906899,0.35601924,117.5239998,1.17590213,655.9570001,0.00067953,4756.87804334,2301.46265729,0.04706895,5.31523355,3.17493585,148.74503462,119.33174223,4.15090175,0.85022647,18.46846678,17.23567663,202.95602753,3.27329015,1058.31191441,78.65586875,17.23567663,1.47846828,1652.23268649,1.17590213,6.71205889,1150.62930454,16.57863725,1.5448522,688.44514477,446.97503253,4.04625085,1.67193169,99.71061875
2021-04-05,7.74646416,108.72400091,491.96774995,1780.42918007,1326.71281681,9.58460033,235.36948777,1.95583,90.03960119,128.51406352,0.84932578,4319.73731404,724.1469068,209.95532585,52.21833068,23.7912553,11812.88606415,2.44271174,138.85531763,12060.64170797,6.81322517,847.27600847,1.0,10.27916817,13.45074152,2738.99363706,24.56282358,7592.3752466,17.16866283,67.00174802,295.71971889,0.84932578,21.32879775,2.00657398,1.58399638,0.83736271,1.95583,10.6814937,360.29531666,49.01544409,4.33739712,745.00803305,157.66454162,180.68823943,0.84932578,9.18341016,60.50998214,4.42892831,27216.40624661,10.33416605,8.01171843,10.04188951,49633.90215411,,246.33201534,171.79830923,12386.61820134,3376.33028429,4.59186846,17.16866283,4.13781551,0.96845903,92.37116107,3.12575822,110.26999995,26.01668016,449.84901626,0.44407388,2.11410503,61.89913131,11081.85069942,123.62121624,4.8920454,9.10234872,41.1832753,8.15066857,26.05865561,17.71571323,4300.46940119,7.43843494,17116.08272083,0.45411278,1.18104755,2363.09381943,2.69613704,2.99951245,32.9044246,42.46531706,86.37966885,100.03344472,4.29901308,9.39947356,18.15273534,2.37614142,1485.38088719,130.07254584,130.01135822,505.66975853,2342443.9571049,1.58399638,621.7538479,13.0316408,4483.7578531,47.69002357,28.35359805,1.18104755,86.37966885,9.45891246,28.31282092,57.29670927,1.18104755,1723.6516835,33.61668535,36.97462101,928.00086443,23.91363892,4.91593075,4.41848163,655.95699984,3.90936552,1.1053646,0.83096418,0.35694662,117.78395851,1.18104755,655.95699984,0.00068217,4768.13656778,2296.54056126,0.04742268,5.35752934,3.19178984,148.70548822,119.33174221,4.14618237,0.84932578,18.52101484,17.16866283,204.31337095,3.27403691,1062.89713916,78.48437311,17.16866283,1.47774014,1662.4320456,1.18104755,6.68153857,1173.15272622,16.71496206,1.54274435,679.90194657,448.92996142,4.02579027,1.67097674,100.1512423
2021-04-06,7.75035905,109.37186233,491.96775025,1786.77930975,1324.17884577,9.66382728,237.0622489,1.95583,91.44163779,128.70997171,0.85581322,4332.05653834,726.76209089,210.70141578,52.53441098,24.04530283,11838.53001886,2.45041759,140.04724474,12086.56237327,6.84918483,851.49210188,1.0,10.23828816,13.48962708,2748.64303463,24.62211013,7612.65115204,17.21893652,67.24073733,296.77417491,0.85581322,21.40483077,2.0137148,1.58740535,0.84034927,1.95583,10.68361419,360.81266369,49.1409233,4.35286701,746.63014897,157.5240761,181.55242197,0.85581322,9.21649991,60.72534298,4.44472465,27322.31699298,10.37102418,8.04004487,10.06915913,49810.93482123,,247.21025729,172.41351257,12408.55655199,3388.52567275,4.59457844,17.21893652,4.1525723,0.97190545,92.48492024,3.1629766,110.27000004,26.03858208,451.4529403,0.44565773,2.12159723,61.96038912,11113.98133082,124.05937888,4.89600723,9.13392837,41.32580783,8.17442518,26.20496132,17.7788986,4324.76808531,7.436648,17170.82246944,0.45573243,1.18525991,2371.4339221,2.69682895,2.99846206,32.96447282,42.59383644,87.12114758,100.38895765,4.31434606,9.47436509,18.25316434,2.38366861,1490.65525271,129.86090605,130.17834962,509.96484886,2447968.37806043,1.58740535,623.96840932,13.07803534,4499.5618458,47.84588526,28.44140073,1.18525991,87.12114758,9.49299491,28.40256772,57.55357232,1.18525991,1729.75748835,33.7279083,37.09047245,931.30443934,23.87879264,4.9143922,4.3226685,655.95700034,3.90674373,1.10515972,0.8327476,0.35793857,117.7371602,1.18525991,655.95700034,0.00067923,4783.24117379,2304.30348949,0.04688913,5.37634266,3.2031633,149.905609,119.33174228,4.15878634,0.85581322,18.61848182,17.21893652,205.03843587,3.27342837,1066.74046694,77.20718376,17.21893652,1.48635462,1668.84939478,1.18525991,6.65503505,1176.55205114,16.77455651,1.54739735,682.11162245,450.53045897,4.04402766,1.68230642,100.5074492
2021-04-07,7.77962769,109.77938062,491.96775015,1792.33468393,1329.28172663,9.70305333,238.25175938,1.95583,91.63514231,128.69955639,0.86441449,4340.0666507,728.91457132,211.41648284,52.37727094,22.71365801,11876.69324245,2.44878182,142.12674174,12155.48634344,6.86663888,848.82004528,1.0,10.23955697,13.53144091,2756.68205707,24.66981993,7640.27161391,17.28552607,67.47153125,297.70342363,0.86441449,21.44916216,2.01999221,1.5932334,0.84296205,1.95583,10.68982159,359.01014591,49.26335468,4.36640075,746.9941985,157.89085407,181.96218168,0.86441449,9.25632295,60.91440213,4.45854399,27453.61669228,10.40326931,8.06426693,10.05223063,49964.79307086,,248.46246896,172.9230291,12459.21157519,3383.63613491,4.57477454,17.28552607,4.16548373,0.97493492,92.73876865,3.17368971,110.27000002,25.84877624,452.8572375,0.44704334,2.12820894,61.73118808,11141.68129056,124.44528285,4.91212944,9.16163414,41.45759609,8.1968403,26.33252097,17.83417596,4329.25554717,7.43674859,17257.05779023,0.45714938,1.18894506,2378.69717666,2.69245478,3.0116388,33.2220042,42.72338531,88.41476936,100.70893259,4.32776003,9.50391345,18.33712075,2.39066853,1495.29057119,130.12022248,130.40864249,513.88377259,2466564.81377238,1.5932334,625.9116933,13.11873807,4510.68469206,47.73518916,28.52648687,1.18894506,88.41476936,9.53401264,28.4859389,57.87727203,1.18894506,1735.07691824,33.80000879,37.31596772,934.3332047,23.99908452,4.91922934,4.32005393,655.9570002,3.9123617,1.10279536,0.83419579,0.35897344,117.59982476,1.18894506,655.9570002,0.00068286,4797.76029975,2311.37119038,0.04722471,5.39253989,3.21314707,150.59868713,119.33174228,4.17537863,0.86441449,18.67394503,17.28552607,205.52729559,3.26746064,1070.00610441,78.74365568,17.28552607,1.50005442,1672.43560928,1.18894506,6.66373527,1180.05433638,16.82669296,1.55921949,684.04172738,451.91328543,4.05942706,1.69313768,100.82067215
2021-04-08,7.79830256,109.97973494,491.96774998,1794.55326716,1329.85437209,9.69980309,239.85491982,1.95583,91.3611361,128.55077648,0.86644663,4349.86682387,729.57637252,211.57752378,52.44225867,22.52216607,11891.15423997,2.45788268,142.70151451,12159.90711323,6.87638929,842.21570511,1.0,10.18764814,13.56357552,2760.58548826,24.67142982,7649.56300106,17.28111665,67.61215967,298.06805434,0.86644663,21.43925998,2.02092535,1.59570156,0.84400548,1.95583,10.67335268,358.73441128,49.33838062,4.37180555,747.66139171,157.84080421,181.64046693,0.86644663,9.25719506,60.99007211,4.46406285,27488.56008349,10.41614666,8.07510755,10.10575878,50026.60828408,,248.85807814,173.22680805,12472.69101681,3392.88483278,4.54743694,17.28111665,4.17063986,0.97614172,92.99367881,3.15287153,110.26999996,25.83930312,453.41376801,0.4475967,2.13084132,61.74405561,11167.06743435,124.59794608,4.92571792,9.17608564,41.51665363,8.21081168,26.36565575,17.85625141,4325.8237694,7.43732602,17327.82082231,0.45771524,1.19041676,2381.75018381,2.70811163,3.01602296,33.23353915,42.8078018,88.77232628,100.85200948,4.33311701,9.41036255,18.30496556,2.39559589,1497.13023813,130.80476167,130.08213997,516.32272833,2506712.4815212,1.59570156,638.26166361,13.1349202,4516.65406399,48.1384503,28.58182167,1.19041676,88.77232628,9.53491092,28.54309356,57.8100634,1.19041676,1737.25581265,33.87416421,37.4221258,935.4911296,23.91193588,4.92120115,4.28086247,655.95700006,3.90763524,1.10114318,0.83560938,0.35909611,117.74174635,1.19041676,655.95700006,0.00067793,4809.59161557,2314.00044319,0.04668975,5.39920886,3.2171233,150.99378208,119.33174223,4.17322335,0.86644663,18.69804836,17.28111665,205.79578887,3.27309246,1071.32518225,75.74032168,17.28111665,1.49701852,1675.29305425,1.19041676,6.63799661,1181.52690296,16.84748509,1.5582902,685.43818046,452.46829055,4.07351407,1.6894003,100.94539604
2021-04-09,7.79524844,109.94510044,491.96775004,1793.18153713,1333.50934599,9.71524041,238.32893821,1.95583,92.11453312,127.50111762,0.86627428,4329.66002304,728.65272686,211.46035191,52.28918108,22.71013991,11879.43235295,2.44684549,142.90693228,12157.99703525,6.86928363,844.75816617,1.0,10.16144079,13.55273337,2758.46283025,24.78575775,7640.23628488,17.36632186,67.50675553,297.83900053,0.86627428,21.44343158,2.02094814,1.59478726,0.84336034,1.95583,10.67038757,357.20793951,49.30746915,4.36846381,748.01872232,157.60416895,181.72611356,0.86627428,9.25245596,60.94337249,4.46065059,27545.24148718,10.40818471,8.06365701,10.12220583,49989.22768792,,248.20945144,173.03569607,12470.06492255,3386.91164089,4.52998144,17.36632186,4.16745196,0.97539556,93.06196241,3.14812234,110.26999996,25.99870472,453.07122436,0.44725457,2.12921111,61.61687819,11167.0906272,124.49248474,4.91934423,9.16728783,41.48319813,8.19872648,26.3479232,17.84260236,4333.6966461,7.43730858,17339.86792894,0.45736537,1.18950682,2344.43141471,2.69520891,3.00929467,33.2384121,42.76227115,88.90011338,100.75946808,4.32980484,9.39574053,18.25963589,2.39270541,1496.01435582,130.20278196,130.41187707,515.45955857,2543515.18209301,1.59478726,632.32477313,13.12483892,4517.80873544,48.67505224,28.54658077,1.18950682,88.90011338,9.53002964,28.63001537,57.73798749,1.18950682,1735.99115209,33.83378399,37.42032769,934.64721857,23.98919104,4.92062808,4.31383862,655.95700006,3.91510443,1.10026863,0.83536326,0.35911801,117.58356568,1.18950682,655.95700006,0.00068171,4801.66392658,2312.48863134,0.04706635,5.39499429,3.21466179,151.74012873,119.33174224,4.1957654,0.86627428,18.68543488,17.36632186,205.76478692,3.27177372,1070.5758023,75.32684046,17.36632186,1.49203606,1675.03466989,1.18950682,6.7229722,1179.27790542,16.83453756,1.55883872,684.52420849,452.14344161,4.06968788,1.68797372,100.86444531
2021-04-10,7.79864231,109.88057661,491.96774984,1794.05556,1334.90785608,9.70584142,237.10645618,1.95583,91.9484764,127.68824186,0.86830622,4344.23052269,731.25697315,211.8553673,52.37082085,22.78708031,11897.42422845,2.44803784,142.96652974,12126.17676167,6.87387297,846.20575089,1.0,10.15703717,13.47194749,2758.03981849,24.51485335,7450.336976,17.38063728,67.76710934,295.51491685,0.86830622,21.30050139,2.02314051,1.59671545,0.8437714,1.95583,10.66062073,357.56218027,49.31910527,4.37059306,741.55348304,158.01431264,181.92031681,0.86830622,9.25630667,60.95090191,4.46282478,27620.72852675,10.41325781,8.01740924,10.10663834,50055.34601686,,251.33036476,175.49264866,12467.19311199,3397.984683,4.53261968,17.38063728,4.17106136,0.97587731,92.21511051,3.13640722,110.26999995,26.01294306,453.31793682,0.44747256,2.12728061,61.63710804,11140.96096465,123.31055755,4.92194388,9.19092585,41.50338341,8.21656619,26.46258779,17.8512991,4354.93249994,7.43756836,17341.64469824,0.4575883,1.19008661,2369.75125085,2.71520765,3.03902057,33.42197183,42.89678199,88.93718801,100.93935008,4.33191525,9.42141955,18.58030813,2.39801814,1496.74909613,129.17335222,130.58935124,515.26925107,2592803.26233651,1.59671545,634.05027318,13.13144455,4517.64346526,49.13066024,28.6037169,1.19008661,88.93718801,9.53399587,29.75238317,57.77750037,1.19008661,1736.84456196,33.92129982,36.5955789,935.68099466,23.98969523,4.9209019,4.31861849,655.95699987,3.91861545,1.10060365,0.8360635,0.36004869,119.13260358,1.19008661,655.95699987,0.00068245,4813.25417223,2338.46129325,0.04705242,5.38008352,3.213863,151.99066159,119.33174222,4.1954974,0.86830622,18.68184195,17.38063728,205.42959105,3.29436265,1071.07799943,74.82036496,17.38063728,1.49104754,1671.95476371,1.19008661,6.76352195,1165.98907236,16.77454279,1.56151411,687.34343608,452.41400516,4.07700642,1.69187975,100.91415106
2021-04-11,7.79773643,109.7783481,491.96774989,1793.93609364,1334.37470184,9.71551251,237.09066723,1.95583,92.00195918,127.6854918,0.86817728,4344.07891702,731.30905482,211.82088894,52.35399808,22.78871084,11889.95851693,2.46063728,142.97988058,12154.78348471,6.87825169,845.64634877,1.0,10.16168083,13.47105039,2757.8403405,24.51382108,7441.02061088,17.37449622,67.7949092,297.79924993,0.86817728,21.25829071,2.02300579,1.59652862,0.84371522,1.95583,10.65558186,357.55780204,49.20659772,4.37030203,741.8352014,158.24641932,181.92725039,0.86817728,9.25631693,60.92876654,4.4625276,27447.43503356,10.41256439,8.01462423,10.11046915,50011.60861019,,251.31362976,175.59030222,12467.70704165,3397.7584244,4.52986293,17.37449622,4.16502596,0.9758116,92.21331807,3.13575837,110.26999993,26.01883452,453.3644533,0.44744277,2.12713901,61.63048231,11138.91727629,123.16481572,4.92127711,9.19117413,41.73384934,8.2170363,26.46694944,17.85011038,4354.80185517,7.43688443,17333.45328184,0.45755783,1.19000736,2375.25444207,2.71502685,3.03883352,33.43265724,42.92865484,88.94549334,100.94193803,4.33162679,9.501038,18.38562335,2.39809121,1496.64942819,129.16475049,130.53626376,515.56508576,2576758.85468408,1.59652862,634.0080517,13.13057012,4511.84076205,49.14737848,28.60850104,1.19000736,88.94549334,9.53400644,29.75017073,57.79405716,1.19000736,1740.08134012,33.91805826,36.5709155,935.64538879,23.99205416,4.92057042,4.31554283,655.95699995,3.917991,1.10012504,0.83600783,0.35899984,116.48363862,1.19000736,655.95699995,0.00068229,4813.33187464,2338.35627154,0.04711229,5.37288321,3.21301994,151.66850955,119.33174221,4.20191586,0.86817728,18.66180128,17.37449622,205.39071623,3.29333147,1071.00662321,74.73857858,17.37449622,1.49147475,1671.65954548,1.19000736,6.76506021,1165.16993713,16.75834393,1.5621646,695.03102736,452.50837104,4.07853144,1.69239583,100.90743117
2021-04-12,7.79718321,110.23380561,491.96775007,1794.94579604,1339.01510882,9.69994179,239.95177733,1.95583,92.16904679,127.62781065,0.86639666,4328.68521388,728.29083615,211.68270998,52.52123565,22.75507647,11884.52288632,2.46076819,143.57583902,12163.16486181,6.87116211,844.47677238,1.0,10.21763573,13.553034,2761.39885059,24.73149143,7432.12491778,17.35724113,67.78711757,297.93929776,0.86639666,21.28374721,2.02296964,1.59706226,0.8441901,1.95583,10.66779748,357.01839391,49.17838681,4.37276182,748.07037662,157.95589694,182.11961054,0.86639666,9.25496103,60.9237692,4.46503929,27506.65984432,10.41842502,8.05652286,10.11366344,50037.50746052,,248.27742216,175.35082113,12473.63741278,3388.1050727,4.53467843,17.35724113,4.1720721,0.97635482,92.38012503,3.14233352,110.26999998,26.02390041,453.62116632,0.44769461,2.13122673,61.64253316,11178.79632772,123.09124949,4.9209949,9.17529144,41.76616955,8.21200001,26.41063743,17.86015717,4347.62784579,7.43748224,17346.0630265,0.45781536,1.19067715,2353.84955187,2.71316449,3.01891979,33.31365273,42.83043105,89.31622959,100.72888463,4.33406481,9.48131513,18.28095223,2.396567,1497.47448068,130.59606985,130.2954199,515.98436491,2656913.64899614,1.59706226,633.79082438,13.02232544,4528.64603673,48.00907614,28.5846771,1.19067715,89.31622959,9.53260986,28.78847147,57.88079877,1.19067715,1737.69357521,33.88176903,37.51490932,935.59429581,23.9380682,4.9208446,4.34159131,655.95700001,3.92558586,1.09863562,0.8354221,0.3593257,117.54983939,1.19067715,655.95700001,0.00068756,4818.96860823,2342.07320404,0.04800277,5.3720932,3.21773167,151.90062989,119.33174224,4.17858708,0.86639666,18.68174544,17.35724113,205.94005715,3.25580435,1071.60609073,73.58026343,17.35724113,1.49509926,1676.20074172,1.19067715,6.78374669,1164.884038,16.84854288,1.5627254,687.26940744,452.64559408,4.07225482,1.69386778,100.95336697
2021-04-13,7.81055473,110.55560095,491.96774998,1799.35148891,1340.52238765,9.70386014,240.50686201,1.95583,90.91600019,127.60952812,0.86875267,4325.68340934,730.30071629,212.25742182,52.82539561,22.02069955,11941.05997527,2.46766917,144.4487456,12193.08052754,6.89196168,844.28923849,1.0,10.17870524,13.58590472,2767.60971376,24.76625988,7453.43984177,17.34251829,67.98363898,298.21953523,0.86875267,21.33653978,2.02795458,1.60220049,0.84626216,1.95583,10.68441987,359.37426745,49.39008561,4.38349476,756.82406758,158.28611057,182.43019895,0.86875267,9.27924381,61.08866084,4.47599873,27565.03448191,10.44399703,8.08490225,10.14126991,50162.06682954,,249.34229439,176.12908949,12519.91645663,3398.10287507,4.56389895,17.34251829,4.17165969,0.97878173,92.47223456,3.1445931,110.27000001,25.92883913,455.34226997,0.44879347,2.13584091,61.76253673,11223.79243253,123.2581133,4.93537398,9.20144848,41.84484501,8.22702693,26.49261776,17.90399491,4373.17194807,7.43782599,17440.43765093,0.45893907,1.19359966,2362.70447246,2.69763783,3.0275719,33.50081613,42.85870241,89.85925073,101.05062875,4.34470277,9.53444845,18.40066113,2.403208,1501.12416077,130.67716005,130.3448803,517.81436808,2728622.17384541,1.60220049,634.56574594,13.05708867,4536.08572407,48.23298192,28.66322872,1.19359966,89.85925073,9.55762113,28.88534836,57.92129721,1.19359966,1744.08065553,33.98884646,37.62341963,936.17901229,23.94136961,4.92250834,4.3297229,655.95699998,3.93177646,1.09987244,0.83712551,0.36022416,117.75960459,1.19359966,655.95699998,0.00068459,4825.91973064,2344.91744306,0.04706294,5.38674821,3.22572437,151.71482304,119.33174223,4.21363321,0.86875267,18.72013915,17.34251829,206.03007365,3.2844389,1074.25567187,73.61835276,17.34251829,1.49727749,1679.77116415,1.19359966,6.79436369,1167.99367379,16.87526318,1.56477066,689.45622805,453.78533369,4.08800645,1.69642393,101.22081865
2021-04-14,7.81803283,110.95955296,491.96774984,1804.98390538,1336.98370963,9.68794268,241.26368024,1.95583,90.51762979,127.90470975,0.86829037,4343.69253512,733.32433772,212.91704337,53.04094759,22.21833776,11972.57163635,2.46204904,144.49202326,12234.28545033,6.91006662,848.15100991,1.0,10.12726851,13.62293715,2776.0438782,24.76828285,7498.56576932,17.23481484,68.20390974,299.11212176,0.86829037,21.39893651,2.03446001,1.59923524,0.84891117,1.95583,10.69519891,358.59268766,49.51314912,4.39721618,755.12616027,158.92158176,183.0112302,0.86829037,9.29971316,61.13157508,4.49000971,27681.44087181,10.47668933,8.11630284,10.04837967,50318.64118832,,250.32299813,176.93168806,12571.19976293,3413.4545472,4.55412629,17.23481484,4.19736015,0.98180518,92.85370199,3.12690057,110.27000002,25.93362967,456.46708819,0.45019831,2.14253152,61.91594223,11257.6281517,123.22558707,4.9437332,9.23152109,41.99093636,8.25526426,26.59407748,17.96003886,4396.85387425,7.43762203,17497.24874321,0.46037566,1.19733592,2381.99038416,2.7052721,3.03265398,33.51058992,43.01960948,89.88617312,101.37530144,4.35830276,9.55831132,18.41857067,2.41095448,1505.85376188,130.78603489,130.44178412,515.95788239,2790306.1953209,1.59923524,620.59500468,13.08196557,4543.37676367,48.37052422,28.756147,1.19733592,89.88617312,9.57870456,29.01770052,58.07250014,1.19733592,1747.29829641,34.07321493,37.50749371,938.69846419,24.02481464,4.92619504,4.34065427,655.9569997,3.92892085,1.10495563,0.83814493,0.36105664,117.65115045,1.19733592,655.9569997,0.00068941,4841.41962054,2351.62281361,0.04708268,5.40331545,3.23529299,151.66160624,119.33174216,4.20524874,0.86829037,18.75956749,17.23481484,206.61235579,3.26503283,1077.60832827,73.84879646,17.23481484,1.49842133,1685.26415112,1.19733592,6.80376096,1171.72357459,16.93128755,1.54905872,692.80400361,455.16650437,4.12547974,1.67517987,101.52396224
2021-04-15,7.80420714,110.93906629,491.96774991,1803.57690437,1334.20841693,9.62387383,240.38904004,1.95583,91.18362401,128.11165319,0.86811256,4330.81883679,732.69408534,212.79146116,52.77761127,21.63663103,11965.64350902,2.45715876,143.90249493,12222.49033433,6.91871525,839.04179802,1.0,10.11850998,13.62887561,2774.35720908,24.5061343,7468.2853215,16.95748869,68.1245188,299.57272033,0.86811256,21.39676378,2.03266819,1.59696895,0.84824944,1.95583,10.69621489,359.39205182,49.80692838,4.39378851,772.04033484,158.64132852,182.8475135,0.86811256,9.29216128,61.01945735,4.48650971,27608.48935709,10.46852266,8.09980638,10.03345079,50280.27278756,,249.98191709,176.55608154,12570.41157804,3412.48417799,4.55242535,16.95748869,4.19157069,0.98102482,93.58957146,3.1093836,110.26999993,25.93131292,455.80122986,0.44984737,2.1410689,61.81582453,11241.61689055,123.05288723,4.93468242,9.22386081,41.97630222,8.24623529,26.53989242,17.94603885,4329.14327015,7.43730218,17465.50312611,0.4600168,1.19640259,2366.53528515,2.68608547,3.01090016,33.4687616,42.85967549,89.51943696,101.28535854,4.35490543,9.57105298,18.31639666,2.40912717,1504.70028994,130.18290565,130.1335097,516.56562531,2765134.47007604,1.59696895,622.08632657,13.07320478,4548.26011195,48.29386338,28.73308144,1.19640259,89.51943696,9.57092612,28.90783449,57.94709346,1.19640259,1749.35592134,33.90872633,37.24145655,940.06335448,23.83654153,4.92610549,4.33544865,655.95699988,3.92607953,1.1038903,0.83705724,0.36069838,117.4240895,1.19640259,655.95699988,0.00067691,4842.77461882,2330.78914235,0.04604287,5.39833583,3.23325384,151.62367897,119.33174217,4.22296742,0.86811256,18.75608333,16.95748869,206.49309942,3.28831461,1076.7242716,73.79123067,16.95748869,1.50024633,1685.27138627,1.19640259,6.71571976,1196.18555649,16.9317887,1.54461294,689.21321467,454.93019007,4.10341266,1.66983813,101.45391662
2021-04-16,7.81106473,111.13179586,491.96774984,1805.87644186,1336.07008477,9.67202648,231.20008483,1.95583,90.76943278,128.79134866,0.86642628,4336.54769594,734.06977638,213.04192681,52.84552446,16.46607007,11978.46027781,2.45192696,143.48180542,12234.86074496,6.91332356,841.79011501,1.0,10.11396199,13.64816394,2777.46945795,24.7235422,7554.16457915,17.16457368,68.24562335,299.89374714,0.86642628,21.42366966,2.035253,1.59815681,0.84933094,1.95583,10.70819102,361.44904589,49.54549567,4.39939054,776.63617521,158.78514948,183.37042709,0.86642628,9.30791771,61.14553037,4.49222995,27649.69192542,10.48186989,8.13155858,10.01999513,50344.57317185,,250.63905104,177.07226764,12592.55646116,3411.90410303,4.54680486,17.16457368,4.19698213,0.98229904,92.91269739,3.11186921,110.26999993,25.9019342,456.39327587,0.45042092,2.14336862,61.62506955,11272.42973968,123.12699903,4.94349664,9.23840715,42.03067224,8.26292225,26.61911987,17.96891982,4311.22809045,7.4364994,17449.96598849,0.46060331,1.19792799,2363.69997556,2.70375751,3.01573785,33.56366688,43.08502331,89.25773279,101.45849974,4.36045788,9.5588008,18.34027034,2.41253292,1506.64670599,129.7335667,130.32515952,515.36253965,2847619.65035729,1.59815681,624.08089733,13.10082552,4552.79964918,48.49930779,28.77387321,1.19792799,89.25773279,9.58715524,28.94703308,57.91301849,1.19792799,1748.77918605,33.9596361,37.35753705,942.595417,23.86156574,4.9265073,4.35113516,655.95699997,3.92904582,1.10181333,0.83775757,0.36112185,117.45552327,1.19792799,655.95699997,0.00067342,4845.75802284,2352.02578314,0.04595246,5.39796777,3.2374191,151.5615529,119.33174224,4.20693775,0.86642628,18.77666528,17.16457368,206.59918107,3.2890938,1078.12649627,73.88531354,17.16457368,1.49724227,1685.79363725,1.19792799,6.71756991,1172.42356413,16.93915202,1.54909824,690.24436706,455.5182468,4.11120026,1.67890512,101.56016843
2021-04-17,7.81477801,111.23440842,491.96775,1806.62984119,1338.46562971,9.67068607,231.77219574,1.95583,90.8430952,128.84149742,0.86630017,4338.82123671,734.02221469,213.37072242,52.86026046,16.55755822,11985.85088808,2.45151227,143.62814027,12199.16387619,6.92077359,842.24952098,1.0,10.11787029,13.56867517,2778.82010014,24.8406753,7527.29651171,17.15229665,68.26778407,299.50461481,0.86630017,21.40353031,2.03730518,1.59930196,0.84968528,1.95583,10.69745707,361.4235339,49.99333098,4.40122593,773.1806557,158.61414923,183.53694248,0.86630017,9.31369547,61.17819405,4.49410408,27655.02715704,10.48624286,8.13007043,10.02322591,50374.59973304,,252.29748628,177.32492957,12595.50922696,3421.90563363,4.54337671,17.15229665,4.20636947,0.98272864,92.87548161,3.11088149,110.27,25.92567916,455.99696693,0.45060884,2.14288378,61.65216113,11272.3728885,123.22156189,4.94506841,9.24093221,42.04741024,8.26501753,26.61714108,17.97641633,4317.68086266,7.43728518,17421.46621435,0.46079547,1.19842776,2375.75821773,2.69974115,3.00649014,33.6207017,43.08107536,89.34876533,101.48180768,4.36227703,9.58358114,18.55889444,2.41328508,1507.48546847,129.0481511,130.40396279,515.62177802,2849550.91545623,1.59930196,625.7979138,13.09181295,4546.11134234,48.4831271,28.78427803,1.19842776,89.34876533,9.59310633,29.02628292,57.93314013,1.19842776,1749.20680053,33.88728751,37.35422445,942.50177122,23.87849301,4.92678733,4.35009301,655.957,3.93065955,1.10266877,0.83803182,0.36121551,117.55974252,1.19842776,655.957,0.00067466,4848.46142783,2356.7188145,0.04604998,5.40095707,3.23854799,151.5581075,119.33174224,4.21772796,0.86630017,18.78998429,17.15229665,206.41465758,3.28675889,1078.7449133,73.91613798,17.15229665,1.49867147,1687.18388919,1.19842776,6.69701443,1172.77581824,16.94964487,1.5486721,692.29738538,455.68153435,4.11808191,1.67926914,101.60269218
2021-04-18,7.81387201,111.17666139,491.96775,1806.43268284,1338.56555945,9.65667869,239.57617323,1.95583,90.82040115,128.87688083,0.86600426,4337.91291322,736.09152799,213.29650589,52.88838551,15.98522469,11981.24628484,2.43666911,143.56630463,12208.15877889,6.89283551,842.09748254,1.0,10.12691038,13.56719441,2777.05162421,24.50083796,7733.7002698,17.15328957,68.31452065,296.1647811,0.86600426,21.40067604,2.03708285,1.59883568,0.84959255,1.95583,10.729764,361.41790206,49.54958721,4.40074562,773.11423381,159.19672666,182.95009315,0.86600426,9.31264647,61.2055167,4.49361364,27692.76831185,10.48509849,8.16381904,10.00803291,50358.84023047,,252.21885479,180.66187968,12594.102102,3421.62189658,4.54254612,17.15328957,4.20601842,0.98260843,92.84252783,3.10923466,110.27,25.92444355,455.96454096,0.45055966,2.14195765,61.65306035,11295.2185006,123.1274044,4.94515693,9.2503329,42.03211203,8.27431432,26.57499665,17.97445456,4317.28943421,7.43644959,17475.71495554,0.46074519,1.19829697,2374.81138666,2.69890193,3.00554595,33.64212657,43.06401155,89.31029837,101.67037521,4.36180097,9.58254153,18.77731273,2.41480566,1507.11869164,129.00452113,130.36091463,515.40097534,2848370.4439045,1.59883568,625.74786427,12.98337485,4491.6491678,48.830486,28.7968417,1.19829697,89.31029837,9.59202586,29.95742456,57.93951509,1.19829697,1748.84769765,33.91429423,36.82588379,945.9041757,23.86523363,4.92519213,4.35603176,655.957,3.9294933,1.10233526,0.83794059,0.36126044,117.49779841,1.19829697,655.957,0.0006743,4848.19349858,2345.3833951,0.04613537,5.38353566,3.23540191,151.86856149,119.33174224,4.22889572,0.86600426,18.76787128,17.15328957,206.35049779,3.30729393,1078.46727364,73.90807148,17.15328957,1.49867818,1683.29283064,1.19829697,6.69548358,1173.84626173,16.87226065,1.54862773,699.65482755,455.49271675,4.1176978,1.67800252,101.59160423
2021-04-19,7.80198397,111.16819266,491.96774999,1802.65440743,1337.05409647,9.67753074,227.20688785,1.95583,90.87340192,128.92473997,0.86414072,4337.87558042,734.3060552,212.59630152,52.93083884,16.62587272,12001.99972735,2.44763142,143.62283722,12220.98459896,6.91757987,840.36890042,1.0,10.11968544,13.66520917,2773.32740661,24.49018667,7713.61015007,17.0678923,68.1071137,299.23428452,0.86414072,21.47833366,2.03168276,1.59407208,0.84781557,1.95583,10.71046912,361.39538438,50.04376079,4.39154117,766.48105215,158.47052805,183.78646037,0.86414072,9.29263613,61.03927672,4.48421494,27651.72625537,10.4631682,8.13103754,10.03050314,50253.92242911,,250.33984142,179.73664828,12525.6131812,3408.31401932,4.54827433,17.0678923,4.17748873,0.98057207,92.80386903,3.12338454,110.27,25.91047198,454.99503577,0.44961729,2.14035336,61.49222803,11286.72208176,123.03511226,4.93831081,9.24178098,41.80209464,8.27279615,26.62246581,17.93685978,4309.45323698,7.43652226,17415.92504727,0.45978151,1.19579065,2356.9671317,2.70398593,3.02362725,33.48520274,43.0317917,89.34546639,101.49732277,4.35267797,9.43817904,18.42614986,2.41402729,1503.93522498,130.01580746,129.91829558,515.4879852,2842427.85886409,1.59407208,623.03838643,12.96506365,4551.8074988,48.37218823,28.79030049,1.19579065,89.34546639,9.57141521,28.82175194,57.89115955,1.19579065,1745.00318643,33.71777192,37.36682042,939.87042248,23.80243268,4.92271314,4.34518939,655.95699998,3.92286057,1.10093852,0.83671219,0.36056174,117.56457315,1.19579065,655.95699998,0.00067289,4847.17438808,2352.64124822,0.04624781,5.3903545,3.23162728,151.50895447,119.33174224,4.19584327,0.86414072,18.79662892,17.0678923,206.34068837,3.27611255,1076.20386977,73.75348778,17.0678923,1.49567605,1688.24524053,1.19579065,6.68149767,1196.69303949,16.92118661,1.54604014,690.72318067,454.54242066,4.10397544,1.6745765,101.40516113
2021-04-20,7.83289973,112.07831078,491.96774998,1818.15436534,1341.00141786,9.74807435,230.24073776,1.95583,91.8075519,130.21411967,0.86151686,4365.15902864,740.67905106,214.40776693,53.42117087,16.7967711,12081.36174806,2.4487471,144.92951086,12326.79584279,6.96479763,844.93372972,1.0,10.11434118,13.74718351,2797.19079734,24.62716466,7780.53452482,17.13229604,68.67545949,301.998536,0.86151686,21.6675432,2.04909922,1.60031544,0.85510544,1.95583,10.74248557,361.17374824,50.46462728,4.42930143,783.42319361,159.62721239,184.29800769,0.86151686,9.36664584,61.57509181,4.52277205,27737.49247559,10.55313479,8.19903753,9.96641082,50685.58363466,,252.3941114,181.24511044,12681.05249864,3437.09628846,4.55593832,17.13229604,4.21345394,0.9889835,93.58774367,3.12329832,110.27,25.9490286,458.89582287,0.45348328,2.15887433,61.96704343,11379.44406576,123.38866937,4.96532428,9.32164943,42.32857813,8.34520205,26.76541542,18.09108821,4373.04088643,7.43635722,17480.97325058,0.46373489,1.20607255,2377.57064795,2.72865679,3.04070061,33.75160738,43.34111977,90.15832713,102.35383382,4.39010407,9.614013,18.57367752,2.43497218,1516.85432447,130.82331341,130.49418028,518.37539813,2844916.15862109,1.60031544,628.38518811,13.07624943,4589.92811576,48.64865491,29.04065618,1.20607255,90.15832713,9.64764522,29.06204388,58.23965095,1.20607255,1760.17481286,33.80324003,37.63116615,948.35093692,23.89682169,4.92576193,4.43050624,655.95699998,3.93033936,1.10305831,0.83984614,0.36324928,117.51590282,1.20607255,655.95699998,0.00068091,4882.46357675,2377.03636153,0.04646389,5.43817328,3.25943545,151.70478751,119.33174224,4.23183629,0.86151686,18.92719525,17.13229604,208.16236577,3.29217853,1085.44846102,74.38765035,17.13229604,1.50677281,1703.50332453,1.20607255,6.68936394,1208.47880556,17.0691014,1.54673416,696.80135838,458.4433775,4.15484769,1.67194779,102.27476563
2021-04-21,7.81234015,111.88099011,491.96775002,1814.43021288,1344.45616513,9.8520993,231.09322133,1.95583,92.17899975,130.52277116,0.86396827,4346.99882689,739.13867507,213.96082705,53.15536205,16.67058269,11947.38837048,2.43801282,145.96073705,12281.65553093,6.95367746,840.3620104,1.0,10.12198458,13.718827,2791.12977651,24.59793214,7755.12490693,17.14993747,68.59448251,301.38947549,0.86396827,21.62664516,2.0449024,1.59930004,0.85335391,1.95583,10.73827365,362.47804629,49.77989742,4.42022883,793.17226857,160.25546652,184.38947791,0.86396827,9.34510613,61.37618355,4.51350799,27746.48858732,10.53151865,8.18063098,10.03679982,50581.78134806,,251.55655198,180.86839156,12696.21289392,3426.08253067,4.55579429,17.14993747,4.21683208,0.98694268,93.39478617,3.12184381,110.27000001,25.85968088,457.94341119,0.4525544,2.15443381,61.70539165,11330.28502843,123.11132434,4.96003358,9.28217499,42.27737224,8.30495616,26.76835266,18.05403197,4349.26809555,7.43606883,17492.31053179,0.46278502,1.20360213,2384.5189778,2.72304988,3.03772666,33.82705555,43.28759429,90.79983642,102.13593956,4.38111176,9.59451703,18.48788335,2.42469234,1513.7908391,130.7928945,130.0800318,520.01850549,2963810.25332843,1.59930004,627.10226245,13.00839016,4579.24568943,48.58927696,28.91481185,1.20360213,90.79983642,9.62545931,29.03428084,58.29059807,1.20360213,1756.56693604,33.77999475,37.68837871,948.00611812,23.91559382,4.92561473,4.46661729,655.95700003,3.93029027,1.10342127,0.83903792,0.36252014,117.46030034,1.20360213,655.95700003,0.00067102,4876.15825732,2370.06884588,0.04530332,5.42654775,3.25275348,151.00475771,119.33174225,4.22613318,0.86396827,18.87014287,17.14993747,207.64381148,3.29878698,1083.16021827,74.23528103,17.14993747,1.50435455,1696.28648448,1.20360213,6.70337893,1182.88424848,17.03373785,1.55252096,694.43953558,457.50572066,4.15753166,1.66996941,102.06460827
2021-04-22,7.7994502,111.8551033,491.96775,1811.59443258,1345.40642274,10.00049732,233.65049226,1.95583,90.70775029,130.40079169,0.86827487,4336.49852736,738.02697903,213.62759154,53.10862906,16.72374912,11935.41217522,2.45386519,145.0760382,12279.82967499,6.94538156,849.35043069,1.0,10.14562218,13.69546964,2786.63420599,24.55461923,7747.81817828,17.19927133,68.39036499,300.89898735,0.86827487,21.59432743,2.0416519,1.5974001,0.8520202,1.95583,10.72871239,363.93097043,50.11074922,4.41332043,788.72049512,159.72387052,184.57824504,0.86827487,9.32529587,61.37579113,4.50645381,27760.76605293,10.5150589,8.16642171,10.05503403,50502.83356185,,251.11558606,180.58557519,12658.77126091,3424.48887731,4.56099908,17.19927133,4.21014488,0.9853849,93.24486778,3.09846923,110.27,25.85616884,457.23402042,0.4518471,2.15102755,61.50453632,11308.53995363,123.01061518,4.94179059,9.26690646,42.17319878,8.29145419,26.73428428,18.02581525,4368.58272165,7.4364801,17453.25942436,0.46206173,1.20172102,2380.76322405,2.71590059,3.04268268,33.56597048,43.22143136,90.24947944,101.9641153,4.3742645,9.5792975,18.45988459,2.42073308,1511.42492929,130.30376187,129.7344144,518.95937683,3019615.14447519,1.5974001,626.15099638,12.98402444,4571.89548507,48.57614735,28.86986932,1.20172102,90.24947944,9.60505475,29.02445115,58.15843505,1.20172102,1753.83107034,33.75277482,37.72264444,948.30267996,23.95130936,4.92714818,4.51474992,655.95699999,3.91714128,1.10223193,0.83858608,0.36207164,117.54518319,1.20172102,655.95699999,0.00067354,4867.89772316,2366.3642708,0.0459425,5.4180782,3.24756662,151.02450981,119.33174224,4.21653982,0.86827487,18.86777517,17.19927133,207.25463606,3.29839857,1081.55424266,66.7466517,17.19927133,1.50271389,1693.61008767,1.20172102,6.54357634,1184.65712386,17.00709792,1.55962104,693.52498917,457.06613448,4.14569009,1.678171,101.89315185
2021-04-23,7.85594616,112.64030501,491.96774999,1823.28470835,1348.69852434,10.13847295,235.14781263,1.95583,90.48098756,131.32288328,0.87136672,4361.21026908,744.87712266,215.15900257,53.3549136,16.39597047,11998.28530635,2.47343735,145.64789244,12329.8369239,6.97347832,862.80728029,1.0,10.13750731,13.77920549,2803.77103598,24.686526,7828.14997632,17.27172813,68.84145094,301.51913618,0.87136672,21.69665477,2.0549397,1.60496403,0.85751831,1.95583,10.74311719,363.28769626,50.51886628,4.44179973,793.17053135,161.19860165,185.90007213,0.87136672,9.38556338,61.79835828,4.5355341,27929.31166745,10.5829129,8.20442891,10.03591057,50829.32584109,,253.70308235,181.80549539,12747.21998406,3450.29360771,4.55392603,17.27172813,4.23705643,0.99177093,93.84838054,3.09470646,110.27,25.82020563,460.23868437,0.45476289,2.16337337,61.86211498,11395.73597637,123.69165077,4.97057907,9.33019717,42.48374683,8.34305918,26.97609926,18.1421364,4388.55712012,7.43491422,17579.49272998,0.46504343,1.20947576,2396.22332188,2.71971217,3.04623417,33.94630003,43.57977258,90.6052208,102.62433466,4.40249177,9.53840692,18.70861768,2.43702953,1521.17820183,131.03031116,130.49027028,520.50265025,3025223.75958902,1.60496403,629.83810318,13.07146333,4602.05218133,49.07261853,29.06543678,1.20947576,90.6052208,9.66713028,29.53124539,58.36634659,1.20947576,1765.06724642,33.9440945,38.00203298,956.38415076,23.98463858,4.92052236,4.57742447,655.95699999,3.9356658,1.10537821,0.84192582,0.36467791,117.58187349,1.20947576,655.95699999,0.00068055,4896.76425509,2364.71664296,0.04650437,5.43611295,3.26847454,151.21592184,119.33174224,4.24718924,0.87136672,18.99288982,17.27172813,208.19758222,3.30036301,1088.54542341,67.27849055,17.27172813,1.50898595,1704.76319562,1.20947576,6.62308599,1188.75891079,17.0868345,1.56207017,698.98034072,459.74686059,4.17237352,1.68002218,102.56355225
2021-04-24,7.85755556,112.64732186,491.96775,1823.64215658,1349.00656332,10.15223056,233.49457712,1.95583,90.45915579,131.37545956,0.87157031,4361.84910615,746.81703563,215.32852153,53.38563854,16.01673648,11990.1622769,2.47392174,145.69226472,12330.83377602,6.9579102,862.9502021,1.0,10.14403367,13.69496344,2803.5080795,24.55624194,7856.24776209,17.27655894,68.88130001,299.15590236,0.87157031,21.63122669,2.05650331,1.6052159,0.85768643,1.95583,10.74405677,363.24599005,50.69015643,4.44267053,785.43933604,161.79035921,186.0032674,0.87157031,9.38640796,61.82767797,4.53642328,27956.55244799,10.58498764,8.19425879,10.04465586,50838.55012962,,254.62143322,181.88222541,12744.63501512,3454.11915126,4.55645145,17.27655894,4.23399506,0.99197126,93.86229228,3.09081583,110.27,25.82311638,461.52561415,0.45485204,2.16236244,61.80575855,11405.44539617,123.35181275,4.97170967,9.33416063,42.49206647,8.34098995,27.01973711,18.1456931,4388.95022545,7.43955836,17585.74481847,0.4651346,1.20971287,2403.59064311,2.72460742,3.04099207,34.08384553,43.65808876,90.63282409,102.58217862,4.40335486,9.54027689,18.95142413,2.43779478,1521.4764232,130.53998641,130.61284447,520.51373286,3025750.77487353,1.6052159,631.33702127,13.10619268,4602.95858204,49.295583,29.07482887,1.20971287,90.63282409,9.6680002,30.24248574,58.37925312,1.20971287,1768.59352858,33.95643506,38.01613928,957.7688321,23.99881509,4.92263152,4.57392543,655.957,3.9394858,1.10553318,0.84284098,0.36520966,118.77792442,1.20971287,655.957,0.00068065,4894.08945615,2370.56313391,0.0464785,5.41345054,3.26625973,151.59730746,119.33174224,4.2446236,0.87157031,18.94676097,17.27655894,207.9556421,3.30614034,1088.74158604,67.2476555,17.27655894,1.50885321,1705.09254183,1.20971287,6.62471368,1185.89631127,17.03401432,1.56360229,706.54981656,459.82696982,4.16891256,1.68142282,102.58365946
2021-04-25,7.85573942,112.61860639,491.96775003,1823.21021734,1347.76032983,10.19600061,234.40671899,1.95583,90.6070673,131.19635465,0.87146174,4356.49990109,743.7420687,215.26018573,53.44035385,16.87904084,11976.50263443,2.47332951,145.60807321,12324.60336148,6.97099312,862.7507255,1.0,10.1398961,13.69171971,2803.7112213,24.55353288,7827.18639006,17.26113405,68.70270591,301.4793798,0.87146174,21.69510272,2.05601622,1.60531712,0.85748328,1.95583,10.74649519,363.60336712,50.67791303,4.44161826,785.25330059,161.17245527,185.54395364,0.87146174,9.38564065,61.79401776,4.5353488,27918.37826539,10.58248053,8.19737537,10.03933113,50827.39481376,,254.56570536,181.79430464,12741.61638122,3452.77486511,4.55157354,17.26113405,4.23299222,0.99177824,93.8419109,3.08410451,110.27000001,25.8445663,460.14763312,0.45474431,2.16189802,61.85945982,11388.44378731,123.15100689,4.97031486,9.31780482,42.48197781,8.32919089,26.91483124,18.1413952,4389.53216802,7.43649073,17573.67561385,0.46502443,1.20942635,2403.0591394,2.73089584,3.07607132,33.9870909,43.49216583,90.5804499,102.61993777,4.4023119,9.53801723,18.73730597,2.433252,1521.28971113,130.51128354,130.54980024,520.18346217,3025097.33497568,1.60531712,631.18748577,13.04295966,4601.33977783,49.04168066,29.01754315,1.20942635,90.5804499,9.66720987,29.48090793,58.4284846,1.20942635,1765.0010655,33.94557065,38.00359833,956.13776858,23.98820833,4.92300552,4.57338976,655.95700004,3.94133195,1.10500485,0.84264134,0.36457889,118.5845852,1.20942635,655.95700004,0.00068042,4885.38887352,2360.16816438,0.04642097,5.43810733,3.2679487,151.17619568,119.33174225,4.24361823,0.87146174,19.01189759,17.26113405,207.90870614,3.31246696,1088.60549546,67.2331166,17.26113405,1.50962317,1704.8618509,1.20942635,6.62392235,1189.17926977,17.0834141,1.56121051,696.29719776,459.72768077,4.16792513,1.68156676,102.55936198
2021-04-26,7.83958841,112.73720916,491.96775002,1822.0366881,1342.23421961,10.01546199,234.74583245,1.95583,90.57886085,130.75372384,0.86959193,4352.7389565,741.80090999,214.95879636,53.26614881,16.67556495,11979.44162746,2.45115605,145.35081235,12337.22184805,6.97075282,852.19193937,1.0,10.1345428,13.72416525,2802.195236,24.52584362,7827.69324504,17.25338437,68.82795208,301.86455621,0.86959193,21.61603948,2.05373075,1.60220033,0.85693135,1.95583,10.75882732,363.62039911,50.55293099,4.43875936,790.5331913,161.49208387,186.20855569,0.86959193,9.37937868,61.78734076,4.53242957,27857.45250508,10.575669,8.19456471,10.0219937,50793.81381083,,252.86790063,183.19463227,12755.13731423,3443.55666344,4.55824444,17.25338437,4.2361403,0.99110443,93.69198426,3.10171384,110.27,25.85428146,460.08185124,0.45445161,2.16251847,61.64458467,11382.28362868,123.23438082,4.95428447,9.30970919,42.51381285,8.32821819,26.94643109,18.12971829,4465.99869427,7.43591601,17510.66431792,0.46472511,1.20864789,2396.20654027,2.7295046,3.0584449,33.72039189,43.55422933,90.42041204,102.35326846,4.3994783,9.64026953,18.57197954,2.42983239,1520.31180639,130.67820447,130.65657938,520.02073467,3193708.84567354,1.60220033,627.92223802,13.03666004,4584.27465623,48.95807411,28.98638572,1.20864789,90.42041204,9.66076004,29.46439119,58.48044701,1.20864789,1763.93332694,33.64702965,37.97971125,956.63053173,23.9995142,4.92389873,4.64065071,655.95700003,3.91342119,1.10498281,0.84127933,0.36420137,117.50586391,1.20864789,655.95700003,0.00067864,4890.2622908,2374.75925988,0.04606539,5.44017008,3.26590988,150.20740988,119.33174225,4.24658527,0.86959193,18.96730786,17.25338437,208.13463982,3.28862877,1087.75333474,67.8055303,17.25338437,1.4981204,1703.79163054,1.20864789,6.57018017,1187.2650423,17.10579966,1.54892572,699.675383,459.42299347,4.16895965,1.6703486,102.4834663
2021-04-27,7.83783687,112.84045277,491.96775,1822.57391147,1345.88165182,9.93796287,235.44798951,1.95583,90.65291102,130.41213312,0.8695723,4357.16091166,745.35350763,215.10239028,53.30875048,16.65551116,11971.43411344,2.45923277,144.9680757,12333.02322813,6.96854937,847.58127194,1.0,10.12520451,13.76669359,2802.7939547,24.49112201,7820.73537219,17.37328779,68.80568608,300.9710278,0.8695723,21.59703828,2.05434128,1.60344458,0.85718402,1.95583,10.75433092,362.64871651,50.58938823,4.44006812,789.69703963,161.85291007,186.58763948,0.8695723,9.38387236,61.7765706,4.53376595,27912.75636813,10.57878721,8.20869415,10.00424517,50809.2844295,,253.63157502,184.41357144,12719.60805927,3448.71145892,4.56834469,17.37328779,4.23469255,0.99139474,94.09629705,3.09685169,110.27,25.92021535,459.58748962,0.4545856,2.16224075,61.61733094,11383.35971634,123.18637252,4.95464409,9.3202587,42.55480392,8.34011296,26.98784513,18.1350638,4494.8812362,7.43553936,17525.18036946,0.46486214,1.20900425,2398.6351913,2.73337734,3.06363065,33.71144707,43.59971458,90.1823177,102.48733484,4.40077548,9.64021346,18.76209032,2.43480266,1520.76006687,129.9183867,131.41297428,519.21741997,3283317.72057657,1.60344458,627.89553781,13.04676459,4572.95472344,48.97684847,29.03971358,1.20900425,90.1823177,9.66538853,29.50758748,58.57680844,1.20900425,1764.35722115,33.7892907,37.90457568,959.05827095,24.24174646,4.92868248,4.64324737,655.957,3.91806841,1.10491762,0.84187727,0.36449102,117.66035283,1.20900425,655.957,0.00068046,4892.06345242,2372.20772458,0.04600148,5.40853636,3.2667498,149.84969224,119.33174224,4.2468096,0.8695723,18.94419318,17.37328779,207.9514559,3.31254265,1088.05354658,68.35810751,17.37328779,1.49990005,1703.94863111,1.20900425,6.58946695,1186.64252559,17.06724971,1.55564622,700.67046755,459.56568323,4.17670668,1.676937,102.52483913
2021-04-28,7.85263467,113.40113098,491.96774999,1829.65127282,1344.44676999,9.95928772,236.56809882,1.95583,90.1498473,130.73825705,0.869902,4368.80133378,746.4375167,215.83729892,53.25992146,17.12196028,12036.48424178,2.46124439,144.78849947,12396.921234,7.01037361,845.11422216,1.0,10.1067457,13.83241099,2814.68915165,24.7531449,7869.72156398,17.27516735,69.06895406,303.32683578,0.869902,21.66597434,2.06223571,1.60748934,0.86051261,1.95583,10.77563936,361.7965678,50.61745152,4.45730965,792.76802881,162.3611165,187.22068385,0.869902,9.42117603,62.05800632,4.55137133,28069.32771843,10.61986643,8.24068409,9.91157293,51006.00731237,,253.85146186,184.14946216,12794.77173925,3459.21049566,4.57875074,17.27516735,4.24347776,0.99525179,94.43396932,3.09751225,110.27,25.89166753,461.78547293,0.45635083,2.1717334,61.78836516,11422.5937396,123.13581091,4.97912026,9.35760552,42.71974411,8.37112284,26.92979578,18.2054853,4485.64294337,7.43588567,17573.80576306,0.46666727,1.21369902,2406.36427316,2.73463126,3.06005028,33.7522409,43.70936162,90.0706062,102.80077374,4.41786443,9.59702677,18.67817873,2.44373285,1526.66543425,130.92223624,131.82350679,519.74894893,3263453.33786654,1.60748934,626.90831897,13.12106186,4593.66997678,48.99972668,29.14617305,1.21369902,90.0706062,9.70381131,29.31481245,58.76771087,1.21369902,1771.26324372,33.80681618,37.92633436,961.9859592,24.15964457,4.92813704,4.57663953,655.95699999,3.94365421,1.10354369,0.84398903,0.36537713,117.76044996,1.21369902,655.95699999,0.00068004,4914.80415418,2381.31222617,0.04604915,5.43264533,3.27961934,148.64254441,119.33174224,4.26212065,0.869902,19.00006394,17.27516735,208.81811216,3.31071197,1092.34061012,69.30648839,17.27516735,1.49343014,1710.73858743,1.21369902,6.48507084,1192.50966043,17.1640065,1.55797637,702.67917379,461.3331753,4.18918202,1.67275861,102.9189557
2021-04-29,7.83847969,113.29738077,491.96774999,1826.80450709,1344.44693643,9.96600161,238.67527436,1.95583,90.62455823,130.67728599,0.86900249,4345.29489073,744.11595988,215.42482691,53.39872957,16.87714591,11980.67883658,2.46175119,144.43529451,12395.79045397,6.99489614,859.69954365,1.0,10.15369233,13.80238204,2809.83376455,24.48173984,7841.16959865,17.32417194,68.84151571,303.44090885,0.86900249,21.66078213,2.05883979,1.60748064,0.85917373,1.95583,10.79392393,360.27898737,51.02118111,4.4503745,793.61506369,161.66741962,185.96195554,0.86900249,9.40904019,62.03702173,4.54428982,28018.96188372,10.60334291,8.22694329,9.93659641,50925.19712563,,253.03507245,183.13651883,12710.96524561,3453.21315581,4.56596624,17.32417194,4.24558603,0.99368458,93.91425216,3.11573004,110.27,25.87215937,461.08688483,0.45564079,2.16919666,61.56951644,11409.05593641,123.13663456,4.97455918,9.34261514,42.51018961,8.3539934,27.0173725,18.17715927,4504.10743496,7.43607806,17509.12372294,0.46594118,1.21181062,2401.10684539,2.72957361,3.0484057,33.59758191,43.61875571,89.85088305,102.68973279,4.41099065,9.54972984,18.58926228,2.4400304,1524.29008606,131.08305325,131.89778697,518.57512552,3294890.43404197,1.60748064,628.52201546,13.08871111,4577.90023116,48.80658402,29.09968403,1.21181062,89.85088305,9.69131139,29.10385404,58.33670138,1.21181062,1768.19496957,33.80573816,37.82379315,959.71977958,24.27305358,4.92663201,4.58823805,655.95699998,3.93635154,1.10151516,0.8427435,0.3647677,117.62158165,1.21181062,655.95699998,0.00068584,4906.31233988,2379.22005617,0.04668852,5.42510673,3.27489311,149.00499215,119.33174224,4.2520995,0.86900249,18.97769901,17.32417194,208.58137935,3.29792304,1090.59263377,69.75681003,17.32417194,1.48777236,1885.93322439,1.21181062,6.46878985,1191.61498798,17.15035583,1.55885902,698.53209066,460.60715498,4.17342666,1.67232322,102.76516292
2021-04-30,7.78384967,112.38118684,491.96775001,1812.30857576,1343.74916134,9.96644428,233.0092246,1.95583,90.45390565,129.61899194,0.86984044,4325.52240774,738.13610001,213.9987379,52.98601751,16.74831901,11903.03970515,2.45168596,143.27231238,12238.64408638,6.94237612,854.39645209,1.0,10.18192342,13.61985728,2788.47825097,24.63453988,7773.26851229,17.43005363,68.39456285,301.02633242,0.86984044,21.48843994,2.04362558,1.59998888,0.85235607,1.95583,10.68659288,360.07417911,50.44331255,4.4150602,776.26102808,160.34980506,184.88422619,0.86984044,9.33775219,61.49728251,4.50823029,27718.48322751,10.51920401,8.16436874,10.00206627,50523.94186222,,252.68261954,181.68708176,12635.28672992,3432.07250372,4.55964614,17.43005363,4.21834131,0.985836,93.19797649,3.06592629,110.27,25.86745595,457.41634405,0.45202522,2.14901507,61.04046416,11315.82306779,122.84418544,4.92358787,9.27132017,42.26481154,8.29039423,26.75935617,18.03292115,4511.6705345,7.43679185,17354.32594063,0.46224388,1.20219474,2388.63730241,2.70774328,3.03668853,33.3861914,43.26139608,89.1274105,101.88922902,4.37598887,9.56795361,18.53496979,2.42145755,1512.194646,128.93809962,131.38808772,516.27027281,3294795.2242635,1.59998888,625.84767001,12.98494098,4542.68918918,48.40130399,28.87571833,1.20219474,89.1274105,9.61788476,28.85826442,57.89286619,1.20219474,1754.40258446,33.58961359,37.4962238,953.34588867,24.33607808,4.92605145,4.54962914,655.95700001,3.8987924,1.09773406,0.8373153,0.3620924,116.91349272,1.20219474,655.95700001,0.00067954,4870.0953732,2359.97706144,0.04631753,5.38223976,3.24894563,150.64547269,119.33174224,4.23178019,0.86984044,18.82611615,17.43005363,206.53979367,3.29514534,1082.01715713,69.15251376,17.43005363,1.47763028,1871.24602966,1.20219474,6.53783741,1182.15184196,17.01395819,1.55722364,693.162826,456.99204613,4.14802458,1.67859383,101.94629725
2021-05-01,7.78179642,112.23410562,491.96775,1812.15614465,1343.35508638,9.95883074,236.17842106,1.95583,90.3689865,129.6469499,0.86997175,4304.71212031,743.36210477,213.97215396,52.75551393,17.9073209,11906.24959767,2.45099887,143.47726819,12246.02671552,6.9026685,854.37788566,1.0,10.17244204,13.61871173,2785.84990773,24.46112653,7951.34191352,17.4238672,68.38659624,297.27791358,0.86997175,21.26985451,2.04350519,1.5996416,0.85228438,1.95583,10.76375965,360.12121142,50.46388895,4.41468885,775.42108518,161.05536588,184.35802181,0.86997175,9.33709782,61.48777212,4.50785111,27780.50392905,10.51831925,8.17532104,10.00603704,50518.44432953,,252.65051448,183.17059645,12633.27260067,3432.80647968,4.5572979,17.4238672,4.2193484,0.98572167,93.18632636,3.06533953,110.27,25.86166868,457.41094802,0.4519872,2.14874277,61.09041258,11253.01560724,123.10062189,4.92281689,9.27965087,42.27793715,8.30048449,26.90385056,18.03140442,4511.83858522,7.43634326,17375.49963128,0.462205,1.20209363,2388.44046962,2.70745252,3.03636355,33.49651505,43.39542068,89.25491023,101.96756972,4.37562081,9.56698814,18.83680582,2.42245708,1512.06745711,128.92462496,131.39354153,516.82761202,3294262.09293256,1.5996416,625.91740757,13.00874812,4536.76135589,48.86540091,28.87563873,1.20209363,89.25491023,9.61721075,30.05234053,58.01194017,1.20209363,1754.47060019,33.52550316,37.48676359,954.81899411,24.32975913,4.92521066,4.55269084,655.957,3.90211956,1.09756862,0.83711839,0.36266842,116.64857126,1.20209363,655.957,0.00067954,4863.97803692,2356.39450191,0.04636652,5.36626778,3.24565286,150.44727759,119.33174224,4.24312334,0.86997175,18.80346771,17.4238672,206.51376736,3.29432091,1081.88426546,69.14504334,17.4238672,1.47890693,1869.40701092,1.20209363,6.53604851,1179.46610774,16.9194751,1.55739712,702.10163235,456.93091577,4.14758416,1.67838314,101.93772266
2021-05-02,7.78275129,112.9139,491.96774998,1812.37432753,1344.97557286,9.96781641,237.43834123,1.95583,90.44330705,130.09013457,0.86980778,4313.74162287,745.08951053,213.75359199,53.04558429,16.85156752,11954.91314395,2.43806034,143.53831294,12284.25025757,6.95897133,854.50362768,1.0,10.18201389,13.74363972,2788.06923375,24.56721168,7883.52225589,17.42393555,68.5384844,300.83320381,0.86980778,21.3632553,2.04255849,1.60150208,0.852387,1.95583,10.76523795,360.04106639,50.61501105,4.41522038,786.62061568,160.47432104,184.88850331,0.86980778,9.33740093,61.49919134,4.50839385,27665.70722333,10.51958565,8.19342343,9.99354195,50525.06665897,,252.15387209,184.97695456,12645.84359566,3426.52622411,4.55820928,17.42393555,4.20001647,0.98583777,93.5053498,3.07986206,110.27,25.86386855,457.42722942,0.45204162,2.15168974,61.4317458,11322.63783038,123.28152745,4.93516173,9.30700991,42.14193902,8.32474347,26.95826374,18.0335754,4512.37763357,7.43660276,17387.54188493,0.46226065,1.20223836,2378.74839525,2.72245668,3.05549199,33.44683771,43.46423075,89.29288519,102.21507222,4.37614763,9.61407633,18.51091661,2.43073391,1512.24950943,130.5273946,131.70363311,518.87778105,3294705.59961139,1.60150208,626.93149295,13.10867329,4594.70129444,48.57419126,28.97156982,1.20223836,89.29288519,9.61752295,29.06978464,57.85214172,1.20223836,1754.46148463,33.61950577,37.52155484,953.57344515,24.33037333,4.92628406,4.55099782,655.95699997,3.90872057,1.09865277,0.83973657,0.36207326,117.47851047,1.20223836,655.95699997,0.00067875,4880.30696382,2352.77225214,0.04628711,5.39288743,3.24890986,150.60144086,119.33174224,4.21832654,0.86980778,18.90076875,17.42393555,206.83303548,3.2855394,1082.02666978,69.03696202,17.42393555,1.47791499,1877.5471115,1.20223836,6.54129633,1204.94685332,17.00981146,1.55744986,695.9160989,456.99247033,4.14949842,1.67648844,101.94637514
2021-05-03,7.79447547,112.79431997,491.96775003,1815.05208018,1351.30884931,9.95166695,237.20777016,1.95583,90.26731192,129.67922385,0.86752449,4297.88519434,743.41666932,214.06656919,52.8093562,17.1290326,11921.17085547,2.45010954,143.07467313,12310.98277457,6.95967715,848.10416473,1.0,10.15368063,13.74315716,2792.2496107,24.66176763,7915.27090184,17.3836947,68.53289239,301.20953866,0.86752449,21.33147553,2.04559008,1.60443449,0.85364638,1.95583,10.74575071,359.40229014,51.1763074,4.42174379,787.55594774,160.87328701,184.42280287,0.86752449,9.35109993,61.6384474,4.51505493,27715.46242277,10.53512816,8.18014413,10.00129975,50599.48148003,,251.93420909,184.6537486,12665.68810167,3426.96903788,4.54590275,17.3836947,4.20645895,0.98729557,94.2337205,3.08211588,110.27000001,25.79870217,458.10736205,0.45270951,2.15482462,61.53571142,11336.18278189,123.86268789,4.94545497,9.300856,42.10259179,8.31879624,26.91822573,18.0602197,4580.9319404,7.43627755,17384.80945737,0.46294363,1.20401465,2404.40131374,2.72604463,3.04151255,33.49673056,43.42009259,89.00446229,102.16957052,4.38261331,9.62701851,18.5448198,2.42864725,1514.4838327,130.3343568,131.52873482,517.65304424,3299551.58549165,1.60443449,625.55196157,13.12852317,4580.90016721,48.71600749,28.94743282,1.20401465,89.00446229,9.63163293,29.04656406,57.86500476,1.20401465,1757.05067124,33.65139722,37.50031167,954.46043584,24.37904279,4.92648537,4.59008273,655.95700004,3.91562575,1.10014996,0.83984157,0.36290597,117.41749327,1.20401465,655.95700004,0.00067253,4897.99712854,2349.19199766,0.04486403,5.38842859,3.25370602,150.38794797,119.33174225,4.22589827,0.86752449,18.88538007,17.3836947,206.94432187,3.29807204,1083.62221447,69.30202658,17.3836947,1.48043598,1876.08147896,1.20401465,6.5496423,1202.23829327,17.03279385,1.5560849,695.55423468,457.66461557,4.15930366,1.67731355,102.09698642
2021-05-04,7.78489237,112.70106054,491.96775001,1812.94387702,1351.64124447,10.00181346,236.95403776,1.95583,89.89551393,128.87528353,0.86438197,4273.34148066,740.36250985,213.8003924,52.66087438,18.01054815,11877.8438657,2.45775525,142.81159309,12291.57430335,6.93537772,846.41531119,1.0,10.18427233,13.69980815,2788.84504361,24.6298787,7934.44032922,17.34820615,68.3131231,301.0602705,0.86438197,21.38503483,2.04325212,1.60459804,0.85265486,1.95583,10.72482158,359.80361486,51.09699609,4.41660789,786.29629703,160.87761753,184.47560963,0.86438197,9.34129188,61.56607337,4.50981064,27692.69496443,10.52289149,8.15068408,9.98755691,50540.28547784,,251.09614241,183.7265759,12647.85950554,3423.92556027,4.55299508,17.34820615,4.20251467,0.98613208,93.45645392,3.08615057,110.27,25.84679722,457.56784044,0.45218368,2.15256305,61.60410805,11310.3309022,123.17789918,4.95217387,9.27381128,41.97879166,8.28225841,26.86268475,18.03924256,4606.22603422,7.43619149,17358.58842756,0.46240592,1.20261617,2402.35260019,2.72759186,3.06201302,33.45332659,43.30188544,88.84080441,101.87123894,4.37752286,9.61336314,18.54062457,2.42129919,1512.7247429,130.77575168,131.37318463,514.05228284,3295695.20793308,1.60459804,624.2624582,13.0888785,4562.46609235,48.50502204,28.85785524,1.20261617,88.84080441,9.62153064,28.98276865,57.70378562,1.20261617,1755.07346794,33.62249021,37.48716627,954.31186426,24.27452566,4.92845483,4.60832241,655.95700001,3.92315592,1.09780079,0.83941646,0.36250953,117.69961424,1.20261617,655.95700001,0.00067522,4886.80610675,2352.02225818,0.04522552,5.39547664,3.24983569,149.88490068,119.33174225,4.22128418,0.86438197,18.84027925,17.34820615,206.81954713,3.30038284,1082.33063383,69.22444485,17.34820615,1.47751712,1871.26496257,1.20261617,6.5487161,1201.70812061,17.01748834,1.55429586,693.85690639,457.12962469,4.13724229,1.67599398,101.97720466
2021-05-05,7.77712945,112.40898272,491.96775003,1808.93748232,1350.49340871,10.00391231,236.49075741,1.95583,89.78847746,128.51092182,0.86355764,4271.71526903,738.30420282,213.34477887,52.85380088,17.88221128,11903.0474529,2.44385641,142.42565057,12236.34344458,6.9225212,846.15474687,1.0,10.19460288,13.67071866,2782.63411402,24.59042254,7933.73003176,17.24943737,68.34017742,300.26495187,0.86355764,21.37336325,2.03876921,1.60455083,0.8507706,1.95583,10.70230968,358.92626503,50.98827788,4.4068477,784.27280855,160.21207373,183.50839734,0.86355764,9.32295354,61.45550787,4.49984448,27685.16052268,10.49963713,8.13635658,10.02553749,50428.19463287,,250.61258901,183.13826673,12630.94177885,3418.76952847,4.58039879,17.24943737,4.19371018,0.98400505,92.96906777,3.07092236,110.27000001,25.79956289,456.5245209,0.45118441,2.14770061,61.59646403,11296.37978486,122.93930278,4.94683128,9.25496441,41.91565854,8.27401957,26.83151761,17.99937793,4620.62303309,7.43602945,17248.96884654,0.46138405,1.19995853,2380.86176034,2.71017327,3.0435302,33.298161,43.18355355,88.60071575,101.69604348,4.36784905,9.59063387,18.4622879,2.41692518,1509.38179751,130.11980337,131.22459908,512.05365515,3401231.07267686,1.60455083,623.88582856,13.05725511,4553.82039975,49.02451936,28.79850934,1.19995853,88.60071575,9.60264215,28.91999646,57.62482655,1.19995853,1751.20897757,33.5846745,37.43823209,950.00573838,24.34946782,4.92556351,4.58167107,655.95700003,3.92011522,1.09707353,0.83811133,0.36173144,117.59250973,1.19995853,655.95700003,0.00067087,4861.10181908,2352.30285739,0.04520679,5.3844543,3.24277618,151.11109271,119.33174225,4.21770382,0.86355764,18.80372706,17.24943737,206.33131275,3.28410566,1079.94405385,69.45366813,17.24943737,1.47363339,1868.0439166,1.19995853,6.42526287,1198.52526998,16.97849703,1.55508831,693.01522627,479.20984134,4.12795604,1.66805821,101.75775833
2021-05-06,7.7959598,113.1963697,491.96774998,1819.38268382,1352.24269853,10.00208943,237.97940482,1.95583,89.61358043,128.93602925,0.86759699,4293.6202919,742.50997224,214.57800575,53.24614958,18.19603442,11959.36096343,2.45131674,142.78969427,12318.41948473,6.96191349,845.14113398,1.0,10.16647542,13.74820857,2798.22610831,24.69118841,7987.34963392,17.14561149,68.77657551,301.89409831,0.86759699,21.4957437,2.05059233,1.60820608,0.85568313,1.95583,10.71516478,358.4305411,50.8236976,4.4322938,788.08174589,161.06325268,184.88999129,0.86759699,9.37321678,61.80154738,4.52582757,27922.11147342,10.56026433,8.18508109,10.02523059,50718.68009818,,252.20639171,183.99611327,12684.33219322,3435.66937444,4.57057787,17.14561149,4.22785568,0.98964229,93.52573494,3.06343353,110.27,25.71891172,459.2757612,0.45378964,2.15991803,61.92034045,11354.90002032,123.54452987,4.96814016,9.30767645,42.1797827,8.3226314,26.99726242,18.10331029,4590.40019812,7.43592154,17255.42960423,0.46404819,1.20688735,2409.85258968,2.72181057,3.04507771,33.50977824,43.431082,88.8271815,102.29628121,4.39306996,9.64358903,18.58055878,2.43115081,1518.09729883,130.43902375,131.65124661,514.81569803,3451944.30663991,1.60820608,628.03094196,13.12833864,4574.15180707,49.09242643,28.96336739,1.20688735,88.8271815,9.65441329,29.14813005,57.80642565,1.20688735,1761.35617955,33.69107013,37.68206117,956.29258785,24.24527886,4.92652969,4.60120423,655.95699997,3.93343329,1.09511014,0.84098431,0.36381393,117.67882927,1.20688735,655.95699997,0.00066393,4886.36119551,2368.12603444,0.04397825,5.41639687,3.26118937,150.52585558,119.33174224,4.25211138,0.86759699,18.90568512,17.14561149,207.48259615,3.30647896,1086.18569053,70.04130117,17.14561149,1.46765713,1878.35381917,1.20688735,6.36789345,1187.97336407,17.07229394,1.55136787,698.06004101,483.11454645,4.15380134,1.66845192,102.33819741
2021-05-07,7.82505242,114.03620276,491.96774998,1833.78195303,1353.51872101,10.02215875,239.73275042,1.95583,89.67607529,129.8039304,0.87013719,4323.18682856,749.73271817,215.91861286,53.52083264,18.44155651,12036.2436725,2.48001581,143.33981534,12412.75155987,7.01179585,845.92171643,1.0,10.10566354,13.77282247,2820.20014448,24.87315562,8076.09177007,17.10274262,69.17784703,304.02130179,0.87013719,21.64972391,2.06790296,1.61142501,0.86245533,1.95583,10.74453235,358.52400201,51.25546254,4.46737262,784.85255786,162.42771873,185.39868307,0.87013719,9.44634779,62.29421115,4.56164665,28071.68402462,10.64384218,8.24624714,9.98983916,51121.16288813,,255.65934624,185.18116229,12790.75729504,3473.06532216,4.55301366,17.10274262,4.26948248,0.9974837,93.88150173,3.07167031,110.27,25.6381978,462.85715489,0.4573811,2.17445284,62.23264384,11449.29194636,123.14610064,5.00289566,9.38098231,42.55059763,8.38914557,27.23233787,18.2465866,4598.13222947,7.43698507,17247.22086328,0.46772084,1.21643911,2419.03003914,2.74343503,3.074155,33.78207485,43.80234136,89.16940301,103.09800212,4.42783835,9.68889569,18.70612292,2.45049152,1530.11208378,130.42422565,132.11436153,518.82071463,3474122.4030284,1.61142501,635.03989551,13.20015815,4595.25278448,49.60176154,29.19447047,1.21643911,89.16940301,9.72973823,29.36958545,58.12821957,1.21643911,1775.20287146,33.76244147,37.77347568,963.24672288,24.21555132,4.9273611,4.6242696,655.95699998,3.95722661,1.09618128,0.84719161,0.36652839,117.84859689,1.21643911,655.95699998,0.00066435,4920.09899431,2399.0677215,0.04419638,5.45913979,3.28699783,150.707264,119.33174224,4.31255887,0.87013719,19.05551253,17.10274262,208.61893547,3.33835684,1094.79348554,70.60291344,17.10274262,1.47618669,1893.30012077,1.21643911,6.36828109,1196.36342056,17.20179901,1.55079324,704.36513633,486.95552304,4.18743048,1.67114854,103.15465116
2021-05-08,7.82305309,113.80530633,491.96775,1833.66459176,1352.63547693,10.02525212,239.53410035,1.95583,89.70148138,129.84433096,0.86949286,4325.41796572,752.22684974,215.90039994,53.54833381,18.67929817,11949.47115542,2.47937221,143.37196533,12411.92139091,6.98399762,845.86691603,1.0,10.10324785,13.77194102,2818.91552672,24.44797197,8224.89955688,17.10295749,68.86970796,300.7713923,0.86949286,21.60905508,2.06779991,1.61169375,0.86240013,1.95583,10.89151311,358.47630691,51.27156004,4.46708671,784.56741787,162.85651222,185.70292266,0.86949286,9.44590384,62.27809186,4.56135471,28110.20682494,10.64316098,8.22585517,9.98906477,51117.96371692,,255.65021629,183.8202996,12790.0384407,3473.10241743,4.55273976,17.10295749,4.26942798,0.99742116,93.86664505,3.07131229,110.27,25.62984072,462.8375042,0.45735183,2.17424567,61.59974498,11449.0511993,123.51829503,5.00189125,9.38050859,42.75627327,8.39901137,27.29614964,18.24541882,4561.34090557,7.43578529,17384.41341542,0.4676909,1.21636125,2419.06278646,2.74325946,3.07396808,33.85740672,43.91045887,89.189403,103.18864892,4.42755497,9.68829995,18.98513925,2.45134082,1530.01415725,130.41558489,132.05502199,518.72013241,3473907.67362526,1.61169375,635.04978021,13.16326664,4572.486133,49.93110776,29.20440844,1.21636125,89.189403,9.72928096,30.407052,58.13972105,1.21636125,1775.18306277,33.87919707,37.78633335,962.89074018,24.2066595,4.92819748,4.59719696,655.957,3.95781491,1.09525115,0.84719566,0.36721692,118.96310796,1.21636125,655.957,0.00066431,4906.27196339,2385.41245642,0.04419355,5.45214872,3.28418798,150.70739101,119.33174224,4.28908084,0.86949286,19.03874043,17.10295749,208.60425125,3.33953067,1094.72518826,70.59861529,17.10295749,1.47475646,1891.56789704,1.21636125,6.36639431,1193.54515864,17.12092902,1.55075591,711.65439126,486.92461484,4.18792735,1.67067444,103.14804931
2021-05-09,7.81554268,113.81677529,491.96775002,1832.45005414,1354.62420467,10.02582475,239.45027206,1.95583,89.57019371,129.38354507,0.86692519,4319.56062241,749.21978572,216.16024023,53.48061237,18.21459899,11938.87749822,2.47734042,143.19639365,12430.60314389,6.99236464,845.27033258,1.0,10.10663562,13.85847743,2818.12937554,24.48789857,8073.9010773,17.09021208,68.75964827,303.71658023,0.86692519,21.64213922,2.0651038,1.61137434,0.86182891,1.95583,10.71702899,358.32354594,50.8991043,4.46412791,795.02025452,162.14164303,184.93150847,0.86692519,9.44044114,62.25036739,4.55833347,28085.68508808,10.63611143,8.23938194,9.98020994,51082.77321731,,254.22821441,185.00110887,12775.87729074,3468.81428279,4.55405738,17.09021208,4.25871949,0.99670528,93.66113277,3.07294371,110.27,25.63188702,462.44389833,0.4570489,2.17486941,61.92696567,11436.08781186,122.85014691,4.99169606,9.37376177,42.12926205,8.38498406,27.07377771,18.23333387,4557.60787198,7.43598303,17249.83270053,0.46738112,1.21555559,2412.98798084,2.72899396,3.06944169,33.75768362,43.57280069,89.08018267,102.99489638,4.42462235,9.71978865,18.74170065,2.44877922,1529.00074413,130.63644841,132.35494441,518.49028469,3454024.91481785,1.61137434,627.5785823,13.19839985,4601.30829573,49.44612236,29.17217211,1.21555559,89.08018267,9.72365438,29.51876138,58.11623318,1.21555559,1773.83105031,33.73304339,37.86761535,963.83645179,24.23605611,4.92607377,4.62112679,655.95700002,3.95312303,1.0954978,0.8437185,0.36626281,117.53609615,1.21555559,655.95700002,0.00066364,4898.53070491,2382.24552739,0.04408017,5.45460445,3.28437926,150.58598411,119.33174225,4.2865892,0.86692519,19.04327078,17.09021208,208.84204416,3.30728374,1093.95399607,70.50168889,17.09021208,1.4738061,1891.60809039,1.21555559,6.36309894,1203.05909935,17.18694773,1.54968352,700.6568462,486.58143101,4.16298754,1.67110999,103.04051422
2021-05-10,7.80378007,113.96133196,491.96774998,1830.82822765,1359.03606391,10.06063852,239.25505753,1.95583,90.23233783,129.55582415,0.85973135,4326.99114777,749.25401187,215.97641589,53.50488078,18.67664549,12017.63115961,2.45677379,143.5228936,12429.2727731,7.00217041,846.45297639,1.0,10.12600248,13.82766445,2815.83927998,24.50230408,8079.65792247,17.08442314,69.02178571,303.49890419,0.85973135,21.54843064,2.06337456,1.61060095,0.86106614,1.95583,10.73829944,357.91042036,51.92961311,4.46017689,794.4459103,162.34462998,185.29845219,0.85973135,9.43190978,62.1746997,4.55429907,28022.37606281,10.62669784,8.23806206,10.04441526,51039.29292472,,253.90433113,183.89092461,12787.70282301,3456.98912621,4.56247265,17.08442314,4.25500533,0.99586897,94.99846264,3.07904229,110.27,25.58437406,462.07280869,0.45664439,2.17305928,61.5757707,11422.99472275,123.09802594,4.99856273,9.35656993,42.54156658,8.38002417,27.26215471,18.21719629,4501.55973242,7.4355311,17249.54681162,0.46696747,1.21447975,2417.96008054,2.72668431,3.06092492,33.72789974,43.82879859,89.28329306,102.98944462,4.4207063,9.71133506,18.70333874,2.44745315,1527.64748819,130.49701402,132.23029747,517.66591678,3451164.46562256,1.61060095,633.72295577,13.1861401,4586.10548806,49.03419591,29.15552296,1.21447975,89.28329306,9.71486707,29.49492151,58.12186548,1.21447975,1772.37608171,33.82709716,37.7464872,964.40646424,24.21105347,4.92676463,4.54253928,655.95699997,3.95721266,1.0934302,0.84250796,0.36550661,117.65827241,1.21447975,655.95699997,0.00066132,4918.34125748,2398.18776262,0.04457779,5.44481442,3.28163443,150.90413865,119.33174224,4.26206923,0.85973135,19.02449103,17.08442314,208.65961532,3.29624893,1093.04286224,70.87477182,17.08442314,1.46884571,1890.59518709,1.21447975,6.34874473,1211.50025527,17.17284479,1.54953165,700.02997263,486.17839483,4.15168637,1.67104189,102.95152882
2021-05-11,7.80551978,113.8195364,491.96774999,1827.6235765,1362.9158963,10.06977557,238.25026883,1.95583,90.06166987,129.75112663,0.85899523,4305.04062313,746.5533425,215.52133089,53.29672405,18.55462009,11986.57279289,2.45196532,143.12366005,12394.32306754,6.98901255,851.7103336,1.0,10.11105915,13.84088116,2811.50107617,24.4683075,8193.72739004,17.01172801,68.95744984,302.96910689,0.85899523,21.50450772,2.05976396,1.61079342,0.85955895,1.95583,10.73530525,358.27114111,51.78147937,4.45236987,792.98002943,161.80398236,184.89862751,0.85899523,9.41674085,62.1135636,4.5463273,27967.74482669,10.60809704,8.24368364,10.05152658,50949.4621714,,253.07032167,183.27584902,12777.47707995,3452.29295634,4.54160773,17.01172801,4.24737047,0.9941023,95.13917917,3.07325013,110.27,25.51140251,461.26398247,0.45584508,2.16997808,61.54626791,11415.87743892,122.63515862,5.00385524,9.34244475,42.39149458,8.36441767,27.17221126,18.18530922,4499.77133264,7.43541688,17218.99878319,0.46615009,1.21235395,2406.02358101,2.71342096,3.03716773,33.44866084,43.66406772,89.03493627,102.83988336,4.41296837,9.67509453,18.61311111,2.44399051,1524.97351955,130.63146207,131.96533344,518.50076909,3431695.73192939,1.61079342,632.67735585,13.16235468,4571.99395734,49.13017265,29.11123268,1.21235395,89.03493627,9.69924307,29.45159705,58.03423078,1.21235395,1769.3079401,33.98150631,37.84471727,960.2777076,24.30083876,4.92755147,4.49626543,655.95699999,3.9933696,1.0976797,0.84174817,0.36492431,117.52031831,1.21235395,655.95699999,0.00066232,4928.63167031,2397.94444546,0.04420046,5.4253064,3.27582779,150.2157716,119.33174224,4.2550678,0.85899523,19.07734097,17.01172801,208.48404124,3.28350929,1091.00365182,71.01104297,17.01172801,1.46961293,1889.09052342,1.21235395,6.33175066,1214.65393156,17.15720445,1.55422633,699.09016003,485.31655974,4.15214754,1.67555846,102.69708976
2021-05-12,7.79594251,113.5232677,491.96775003,1820.85568026,1364.77626894,10.19448862,238.21753876,1.95583,89.93959979,129.50805361,0.85897242,4291.93046898,743.91726732,214.73343116,53.31701663,18.59466107,11934.37507917,2.46613509,142.9669986,12362.32949243,6.97449104,854.41263893,1.0,10.17313283,13.80449861,2801.04071786,24.49399827,8181.08792632,17.05250584,68.72801363,301.96186131,0.85897242,21.48301092,2.05213517,1.61034471,0.85637591,1.95583,10.71281637,357.43685369,51.60930323,4.43588225,789.95574921,161.36839861,183.50442255,0.85897242,9.38129436,61.83838746,4.52949174,27896.52981076,10.56881406,8.22030994,10.07937636,50760.31671473,,252.59528361,182.91760828,12728.808495,3440.00742029,4.55462136,17.05250584,4.23171282,0.99047815,94.76468635,3.06805218,110.27000001,25.59622506,459.59009996,0.45415704,2.16202756,61.42354747,11381.80716658,122.31849433,4.98365891,9.32972133,42.37495791,8.33704602,27.13054591,18.11796697,4529.9603037,7.43637181,17181.17336146,0.46442389,1.20786446,2412.78763236,2.7163505,3.04887055,33.36559314,43.4558546,88.93747969,102.52877134,4.39662665,9.6474589,18.45259514,2.4370815,1519.32637061,129.9995297,132.47806837,517.25103855,3404825.35659036,1.61034471,630.54351242,13.11200823,4554.34963329,48.71384142,29.0198299,1.20786446,88.93747969,9.66273319,29.37259635,57.87630008,1.20786446,1762.6562476,33.77290085,37.8533548,956.90506864,24.3252879,4.92774818,4.49380853,655.95700004,3.97108826,1.09741697,0.84053417,0.36349517,117.56153083,1.20786446,655.95700004,0.00066465,4910.64229222,2384.76817285,0.04472559,5.40392097,3.26384235,150.50081865,119.33174225,4.24056157,0.85897242,18.94463175,17.05250584,207.63143069,3.28826897,1087.06959531,70.8676534,17.05250584,1.46403816,1882.80734952,1.20786446,6.40815718,1210.20996279,17.09381082,1.56378706,698.20179663,483.50828011,4.1362401,1.68528302,102.35190082
2021-05-13,7.78738684,113.56356058,491.96774999,1821.07773559,1364.96194001,10.27665661,237.84655324,1.95583,89.51347511,129.39592562,0.86048534,4277.59028553,745.05258218,214.85305083,53.16237647,18.72098256,11928.25872467,2.46462708,142.62427835,12340.93621606,6.95929484,854.89566998,1.0,10.14420507,13.76916904,2800.74373755,24.49510887,8110.73788763,17.06654763,68.73754444,301.9398205,0.86048534,21.45280118,2.05238571,1.61312366,0.85648034,1.95583,10.70262478,356.79503834,51.31644655,4.43642321,788.29487225,161.58312559,183.83578122,0.86048534,9.38342361,61.9121764,4.53004412,27910.4842654,10.57010294,8.19644031,10.08905879,50766.43985258,,253.02699223,182.47491634,12751.75008265,3443.7474362,4.52599336,17.06654763,4.22381155,0.99057529,93.80494608,3.05115189,110.27,25.48856401,459.49422479,0.45421242,2.16143223,61.48845276,11396.69879527,122.4399012,4.98367409,9.32217069,42.38559916,8.33573357,27.06659988,18.12017647,4494.15561174,7.4366633,17207.4996202,0.46448052,1.20801176,2411.38814488,2.71706036,3.07374945,33.40801619,43.37398241,88.72427891,102.50998895,4.39716282,9.65458268,18.58737776,2.43586018,1519.5116541,129.71458644,132.39306919,517.32089015,3417476.61102574,1.61312366,630.73526063,13.11744835,4550.8843615,49.2980567,29.00797191,1.20801176,88.72427891,9.66492632,29.6247956,57.76691889,1.20801176,1762.91408663,33.7945532,37.85562548,958.87474915,24.08183927,4.92736611,4.45895646,655.95699998,3.97533026,1.09424413,0.84093723,0.36379797,117.5560273,1.20801176,655.95699998,0.00066257,4910.2827278,2381.64312414,0.04474362,5.39390617,3.26352876,150.5067751,119.33174224,4.24159364,0.86048534,18.91383456,17.06654763,207.41591982,3.29217674,1087.19058278,71.01148068,17.06654763,1.47099562,1880.96676975,1.20801176,6.41324835,1203.61953789,17.0684331,1.56457682,700.33224092,483.44333708,4.13060283,1.68409377,102.26975013
2021-05-14,7.81792646,114.07290403,491.96774999,1830.88082592,1368.16664877,10.26724205,239.17355222,1.95583,89.87017804,130.19742017,0.86152183,4307.80109972,747.92284359,216.18188126,53.66224615,19.15330396,11987.25928309,2.48165459,143.05876463,12393.10035728,6.9978425,850.1157369,1.0,10.12658557,13.85766088,2815.52024579,24.64871054,8173.52637435,17.16598336,69.07880322,303.56779339,0.86152183,21.57743709,2.06343438,1.61758021,0.86109088,1.95583,10.74395885,355.14307375,51.64145959,4.46030503,782.94838733,161.8240589,184.97378955,0.86152183,9.4338937,62.18543127,4.55442992,28010.21863753,10.62700314,8.26173734,9.99173347,51040.35784551,,255.26079543,183.39176213,12813.06364961,3467.63796605,4.52877884,17.16598336,4.25089703,0.99590692,94.01017101,3.04886347,110.27,25.46058754,461.56834644,0.45665751,2.1709997,61.89331846,11435.94050317,122.98256143,5.01146028,9.37459108,42.46046087,8.37655544,27.23576993,18.21771966,4475.56298559,7.4363477,17321.2456362,0.46698088,1.21451464,2415.73106755,2.73169389,3.0684886,33.62852352,43.66193999,88.99456587,103.06454953,4.4208333,9.69669688,18.74579638,2.44943923,1527.69137632,130.74563675,132.82935342,519.79186784,3535828.37390808,1.61758021,634.54361934,13.04700522,4569.54377166,49.34202767,29.174826,1.21451464,88.99456587,9.71691051,29.27365923,57.99217254,1.21451464,1772.48390551,33.98050089,38.06957819,962.98090102,24.12437853,4.92501596,4.47521984,655.95699999,3.97771044,1.09499345,0.8441568,0.36575424,117.82288756,1.21451464,655.95699999,0.00065895,4937.85700653,2396.54509704,0.04419383,5.42507758,3.28201832,150.94484556,119.33174224,4.31413495,0.86152183,19.00982726,17.16598336,208.28785936,3.31707392,1093.06625824,71.49762405,17.16598336,1.47058442,1892.56962935,1.21451464,6.40344236,1214.05839458,17.18138523,1.56170502,702.96629362,486.06521512,4.16333842,1.67314282,102.82024911
2021-05-15,7.81717885,113.99900063,491.96775,1830.67546256,1367.86322532,10.26126787,239.50229379,1.95583,89.7151614,130.24189797,0.8615883,4304.40208109,748.5444328,216.15896157,53.68829409,19.55545599,11932.32217263,2.48425761,143.04088689,12391.68822525,6.97405941,849.80515713,1.0,10.12534867,13.85610652,2814.32333496,24.4710072,8143.24704495,17.16586307,69.12113453,303.06467695,0.8615883,21.45797297,2.06320293,1.61758537,0.8609943,1.95583,10.72222817,355.12509173,51.55594393,4.45980473,782.63248685,162.3915572,185.13177407,0.8615883,9.43282982,62.22353955,4.55391906,28063.17979407,10.62581114,8.2610302,9.99207466,51034.63981345,,255.23366772,182.04235714,12811.69225014,3467.30110902,4.52879317,17.16586307,4.25032452,0.99579248,93.99254884,3.0480899,110.27,25.4589447,461.51657396,0.45660628,2.17070222,61.70177465,11449.75129208,123.05225183,5.00987208,9.3647775,42.71178511,8.38484725,27.32457277,18.21567624,4475.61978912,7.43726529,17261.97335264,0.4669285,1.21437842,2415.11945745,2.73138765,3.06814442,33.70945333,43.76398474,88.98344441,102.97043109,4.42033744,9.69560994,19.01277886,2.44741779,1527.52002063,130.73039525,132.82782886,519.87413956,3526216.50569121,1.61758537,634.48839541,13.04358577,4552.17512065,49.72715409,29.13429855,1.21437842,88.98344441,9.71581472,30.35892102,58.01869545,1.21437842,1772.29665451,34.00371617,38.10184943,969.26207257,24.12189161,4.92549631,4.58741558,655.957,3.97778931,1.09499763,0.84408037,0.36648122,117.75824371,1.21437842,655.957,0.00065868,4933.29231532,2382.82512848,0.0442534,5.41418941,3.27887542,150.89479746,119.33174224,4.33384864,0.8615883,19.09294184,17.16586307,208.26426363,3.31111877,1092.94057475,71.48957491,17.16586307,1.470411,1888.49566165,1.21437842,6.40352664,1192.26372389,17.10468606,1.56178429,710.28542661,486.00945184,4.16325303,1.67374009,102.80871613
2021-05-16,7.81319855,114.0166652,491.96775002,1829.53690293,1374.42631265,10.25676884,238.70905544,1.95583,89.87057199,129.98143579,0.86135054,4285.31025347,746.72283073,215.75579082,53.41375353,19.10466153,11947.86643524,2.47923655,142.95835911,12421.82608738,6.98483611,849.3058054,1.0,10.1239639,13.81854488,2814.29208605,24.58764465,8175.19178908,17.17034172,68.89905619,303.37950099,0.86135054,21.53596008,2.06191914,1.61983518,0.86045882,1.95583,10.73604899,355.20368974,51.77244448,4.45703103,794.07695579,161.59980419,184.4303156,0.86135054,9.42625266,62.13021051,4.55108682,27956.96296072,10.61920259,8.223102,9.99539348,51002.93336779,,253.17408907,182.55643958,12800.85935094,3462.63036894,4.52803166,17.17034172,4.23977633,0.99517099,94.22030322,3.05692817,110.27,25.45909887,461.13345596,0.45632231,2.17228154,61.63083549,11415.30305226,123.35278785,5.01711394,9.34243303,42.31233137,8.35179645,27.21002194,18.20434729,4472.66960105,7.43645302,17319.37547483,0.4666381,1.21362315,2425.7763224,2.7241733,3.05596519,33.45791591,43.56717916,88.9321052,102.71280224,4.41758828,9.70501854,18.54040183,2.44157644,1526.57000374,131.1311164,132.6610104,518.78596332,3524008.84069792,1.61983518,632.4478484,13.17819445,4552.26682832,49.28465493,29.05716164,1.21362315,88.9321052,9.70904024,29.11909097,58.01342515,1.21362315,1771.00395,34.04759533,38.12898552,961.39755259,24.1905144,4.92341732,4.46857887,655.95700002,3.97341012,1.09474103,0.84297351,0.3652077,117.61365522,1.21362315,655.95700002,0.00065598,4951.00240561,2392.6572907,0.04393631,5.40986523,3.27979154,151.09978792,119.33174225,4.2582919,0.86135054,19.01540991,17.17034172,208.54923843,3.28922853,1092.21751572,71.46152854,17.17034172,1.47197126,1887.24785713,1.21362315,6.39779835,1212.26317951,17.17438536,1.56430306,698.62580341,485.70541985,4.14369176,1.68083184,102.6975506
2021-05-17,7.82040605,114.4165562,491.96775,1833.90812809,1377.59742073,10.11072516,239.69292295,1.95583,89.79795795,130.51622461,0.85843783,4297.5210358,747.52209667,216.25950226,53.76087903,19.88858501,11999.12390466,2.47324805,143.28217233,12466.54607032,7.01248974,870.41707016,1.0,10.1225085,13.86349585,2821.25555936,24.65369355,8128.21916966,17.11143077,69.23340138,304.15093173,0.85843783,21.59711343,2.06684662,1.62097928,0.86251467,1.95583,10.74790222,351.51059034,51.58030483,4.46768,795.623306,161.90944759,185.78698828,0.85843783,9.44719522,62.27804039,4.56196052,28025.49804614,10.64457454,8.25198352,10.0275532,51124.12041485,,253.85662923,182.93817761,12854.25842471,3467.70703302,4.52877609,17.11143077,4.26194035,0.99753463,94.15448809,3.0606783,110.27,25.41033565,462.21910846,0.45741257,2.1775762,61.70505051,11445.89837417,123.59954707,5.02084226,9.37193385,42.71851114,8.38334669,27.31953848,18.24784207,4483.03400023,7.43619662,17396.62102396,0.46775302,1.2165228,2432.87387858,2.73124705,3.06662438,33.49279648,43.70351368,89.13354422,103.04527842,4.42814301,9.72804296,18.72160769,2.44946493,1530.21736455,131.64767517,132.83595473,519.38600151,3601316.18714771,1.62097928,633.47485435,13.08740029,4572.69769686,49.10971491,29.15223991,1.2165228,89.13354422,9.73061107,29.5225585,58.23651694,1.2165228,1775.31188652,34.05995591,38.31527695,965.64164522,24.04505274,4.92625207,4.51808358,655.957,3.98725573,1.09712216,0.8438489,0.3661778,117.56048796,1.2165228,655.957,0.00065104,4950.69204225,2398.49241872,0.04278157,5.42725517,3.28715826,150.90479452,119.33174224,4.26843765,0.85843783,19.08628299,17.11143077,208.94447609,3.2942761,1094.82143505,71.81288288,17.11143077,1.46520541,1893.18457996,1.2165228,6.41495387,1200.90081667,17.21626375,1.56206686,700.97601285,486.85519869,4.12992764,1.68169004,102.94218252
2021-05-18,7.85933363,115.03463664,491.96775003,1843.33483223,1377.75072177,10.22272734,240.8693503,1.95583,90.07024799,131.50431873,0.861927,4325.06347522,751.87098519,217.47483667,54.05591594,19.97632505,12046.11584054,2.480315,143.62314837,12483.62504493,7.03712368,871.07874941,1.0,10.1263046,13.91808368,2834.89432121,24.71010449,8194.12311702,17.14903928,69.59226643,305.21952191,0.861927,21.68698253,2.07745431,1.62661263,0.86694819,1.95583,10.76159035,350.74577051,52.08963465,4.49064489,799.63927469,163.18985174,186.75972992,0.861927,9.49514269,62.561459,4.58541003,28264.64028607,10.69929007,8.29323505,10.07342841,51387.68499294,,255.89765556,183.17691647,12927.96957707,3492.08629914,4.5251584,17.14903928,4.28396943,1.00267212,94.61848315,3.07154571,110.27000001,25.40814545,504.41751765,0.45976378,2.18763788,61.90276073,11532.74205022,123.23673429,5.04659508,9.42384854,43.03467661,8.43326639,27.49404626,18.34164012,4476.26764663,7.43638203,17494.85562097,0.47015738,1.22277601,2440.7809973,2.73650808,3.10530399,33.63925513,44.01526487,89.34565995,103.64431849,4.45090467,9.77798872,18.86566363,2.46315188,1538.08302922,131.91511438,133.20867249,521.47549307,3577558.19003996,1.62661263,636.31909427,13.15459487,4595.2481179,49.40350154,29.3239512,1.22277601,89.34565995,9.77999697,29.67837178,58.44336009,1.22277601,1784.44414099,34.14894355,38.45303692,973.09936763,24.28477222,4.92710971,4.59387335,655.95700003,3.97919713,1.09770724,0.84646307,0.36789197,117.56641707,1.22277601,655.95700003,0.00065436,4976.3274026,2405.57043883,0.0434724,5.45163009,3.30405651,150.30776576,119.33174225,4.29033659,0.861927,19.16210364,17.14903928,209.82229243,3.31857111,1100.51640591,72.33513882,17.14903928,1.47629057,1947.893381,1.22277601,6.43307615,1204.78368943,17.27978596,1.57017866,704.78958405,489.36990718,4.14189621,1.6904827,103.07311429
2021-05-19,7.84343572,114.75350577,491.96775,1836.53673524,1378.34244811,10.2555794,240.05377875,1.95583,90.07407683,131.5011574,0.86316149,4331.48253325,749.07391305,216.570435,53.68702916,19.94730391,12042.33961156,2.48509919,143.34473026,12443.74611708,7.02195365,871.20264984,1.0,10.16598258,13.88711233,2824.93005322,24.68824558,8147.89146695,17.14891887,69.32077865,304.57891756,0.86316149,21.63895127,2.06980886,1.62420905,0.86375094,1.95583,10.75864373,350.8824786,51.92185995,4.47408369,796.53219558,162.78864171,186.57414287,0.86316149,9.45942292,62.36670091,4.56849934,28061.36216203,10.6598318,8.2648198,10.12200996,51196.77938615,,254.28386461,182.88467458,12880.43609174,3470.82773112,4.52440551,17.14891887,4.26820609,0.99898497,94.28883609,3.07051242,110.27,25.4771914,502.46253362,0.4580682,2.18067723,61.65651152,11478.02433753,122.76918007,5.04531999,9.38754093,42.90250727,8.3984253,27.3793195,18.27399737,4489.51066163,7.43598761,17533.08276642,0.46842347,1.21826649,2434.69051838,2.74132319,3.08266301,33.42247659,43.81528804,89.1724605,103.23494286,4.43449003,9.74187931,18.68829324,2.45390293,1532.4106807,132.24561285,132.93385298,521.68817411,3592034.05502206,1.62420905,632.93522285,13.07640329,4578.75178633,49.05598899,29.21144063,1.21826649,89.1724605,9.74320561,29.57317101,58.34643308,1.21826649,1777.78471726,34.06616785,38.25960199,967.71520308,24.2452042,4.927592,4.56181654,655.957,3.98303194,1.10109351,0.84502098,0.36617159,117.58257587,1.21826649,655.957,0.00064988,4958.85077142,2399.79139524,0.04387351,5.43507134,3.2918713,150.10507915,119.33174224,4.27461571,0.86316149,19.10031048,17.14891887,209.20360144,3.29438192,1096.41011583,72.15633345,17.14891887,1.47581636,1896.47349003,1.21826649,6.46829834,1207.63187291,17.2417205,1.5737327,702.24697795,487.54439907,4.09938696,1.69813848,102.63711841
2021-05-20,7.8698438,115.27512941,491.96775002,1843.90419215,1379.05361206,10.26532818,240.85015729,1.95583,89.91882142,132.37592641,0.86263541,4364.40245546,752.49210664,217.43636127,54.01890774,20.10598691,12065.32025987,2.48663145,143.52200321,12492.08956,7.05831034,881.99783644,1.0,10.16033457,13.94325928,2836.99390736,24.71600578,8191.34337619,17.12327965,69.62333803,305.79168212,0.86263541,21.70106373,2.07811177,1.62846413,0.86721597,1.95583,10.77664357,349.40020218,52.34976191,4.49203194,799.68535286,162.84488835,187.59985106,0.86263541,9.4950165,62.6174413,4.58682635,28349.42482861,10.70259481,8.29711973,10.16625413,51403.39214459,,255.3557319,183.42099835,12974.79573801,3485.16428707,4.49515688,17.12327965,4.27316498,1.00298963,94.79034939,3.06968385,110.27,25.50782699,503.92367501,0.45990579,2.18944428,61.82435697,11542.47797514,123.15330587,5.06996972,9.42596193,42.89917647,8.43057491,27.47218051,18.34730539,4547.54684559,7.43632111,17579.17411613,0.47030259,1.22315369,2444.08219325,2.74064597,3.0771812,33.62419062,43.99097113,89.28273917,103.65441264,4.45227944,9.75396411,18.83666876,2.46374503,1538.55810451,132.8474785,133.1492699,525.2821786,3694534.40575632,1.62846413,635.48441603,13.12538439,4600.71672143,49.68654253,29.33507497,1.22315369,89.28273917,9.77986699,29.69204385,58.60942954,1.22315369,1785.09229551,34.23921636,38.38169506,971.0341855,24.35805769,4.92785357,4.579511,655.95700002,3.98219268,1.09745939,0.84646498,0.36783249,117.57648757,1.22315369,655.95700002,0.0006527,4981.34701355,2412.64485547,0.04410946,5.45425826,3.30513622,149.29474129,119.33174225,4.29176059,0.86263541,19.1791146,17.12327965,210.00329295,3.31677563,1100.86278585,73.06313525,17.12327965,1.47713624,1904.41868382,1.22315369,6.46117238,1213.66429585,17.31087269,1.57675358,705.12311986,489.51929984,4.08526195,1.70179211,102.7178909
2021-05-21,7.83770291,114.7480781,491.96775002,1836.33788582,1373.76754158,10.25226551,239.87333522,1.95583,89.69016117,131.88842622,0.86069431,4303.31786302,749.46386628,216.8272515,53.74645177,19.98082922,12032.04188808,2.47454293,142.77985273,12420.21648684,7.02843415,877.59137024,1.0,10.1431253,13.79063468,2824.8066889,24.84087275,8150.56092924,17.00518092,69.41063975,304.55077483,0.86069431,21.60309145,2.07080681,1.62212657,0.86365742,1.95583,10.74096712,348.55610967,52.18386045,4.47359926,784.0718263,162.15760771,186.85272935,0.86069431,9.45740977,62.36032718,4.56800469,28074.61795196,10.65867761,8.26339946,10.20108716,51192.5041151,,255.53696539,182.61497091,12909.22148178,3472.55895974,4.49728526,17.00518092,4.27554321,0.99887531,94.59680078,3.0513457,110.27000001,25.45719872,502.4877003,0.4580186,2.17746935,61.49362261,11483.02017857,122.96656915,5.04484218,9.38906044,42.94662894,8.3977222,27.35819738,18.27201876,4560.23044652,7.43634657,17495.43841147,0.46837275,1.21813458,2422.4159619,2.73554891,3.09955686,33.46840644,43.96919359,88.82105924,103.23938291,4.43400989,9.70241865,18.75600512,2.45387908,1532.24476026,130.63212215,132.6801002,521.46752423,3712614.82428166,1.62212657,634.06257139,13.07152625,4581.97378132,49.54014955,29.21514287,1.21813458,88.82105924,9.74113206,29.22879728,58.37174943,1.21813458,1777.77812436,34.06391328,38.20452749,964.1666888,24.30436847,4.92717036,4.5517052,655.95700003,3.96606536,1.09383839,0.84302756,0.36625591,117.48960594,1.21813458,655.95700003,0.0006475,4961.83164464,2402.45008742,0.04408659,5.43191288,3.29203842,148.97554542,119.33174225,4.32480975,0.86069431,19.07564628,17.00518092,208.66147468,3.31813333,1096.32237185,72.61232324,17.00518092,1.46980735,1895.83839852,1.21813458,6.53729867,1208.68479605,17.23980088,1.57602624,702.22803446,499.31980211,4.08430613,1.69564913,102.28073928
2021-05-22,7.83686104,114.66140193,491.96775,1836.07931658,1374.04602333,10.24699227,239.83810724,1.95583,89.67166674,131.85428221,0.86067989,4329.09014977,749.90645257,216.79709201,53.72019669,20.26606743,11986.53831136,2.47600043,142.69758984,12416.51501419,7.02191938,877.79727205,1.0,10.14366427,13.78869286,2823.08827879,24.59376665,8198.23134203,17.00530976,69.40033703,303.33505741,0.86067989,21.55110351,2.07052316,1.62181531,0.86353581,1.95583,10.83833968,348.51298678,52.20716201,4.47296935,783.75095771,162.54954037,186.77556901,0.86067989,9.45642065,62.36696407,4.56736148,28119.26514662,10.6571768,8.25545788,10.1989572,51185.27582986,,255.50164893,181.91844884,12907.49891077,3472.1207244,4.49684468,17.00530976,4.27504554,0.99873504,94.58606737,3.05099313,110.27,25.44939501,502.42327741,0.45795411,2.17710996,61.46183925,11485.62342431,123.04080794,5.04392137,9.3962938,42.96132661,8.39721257,27.44153628,18.26944594,4561.67997095,7.43559295,17504.06314588,0.4683068,1.21796306,2422.23888214,2.73516843,3.09912472,33.54577966,44.33533366,88.76988482,103.26855795,4.43338555,9.70105354,18.77668075,2.4539782,1532.02900946,130.61351227,132.68426222,521.6412958,3707159.31675021,1.62181531,633.99630324,13.06967241,4580.04406712,49.80869966,29.22161522,1.21796306,88.76988482,9.74011327,29.95016416,58.37638077,1.21796306,1777.50067569,34.09783985,38.22632185,968.84806974,24.30866818,4.92669411,4.58207642,655.957,3.96429545,1.09365705,0.84289344,0.36617224,117.47269238,1.21796306,655.957,0.00064736,4953.11512425,2396.9204088,0.04410294,5.42730244,3.29006395,148.95445626,119.33174224,4.31212792,0.86067989,19.06233934,17.00530976,208.63205011,3.31566297,1096.16682466,72.60216598,17.00530976,1.46987834,1962.28131736,1.21796306,6.52951811,1200.26503528,17.19098304,1.57544571,709.25497649,499.24628456,4.08460089,1.6972494,102.26633743
2021-05-23,7.8358667,114.76211666,491.96774999,1835.82412779,1374.47694521,10.25737002,240.652499,1.95583,89.69361312,131.86656033,0.86096562,4353.0302824,749.38742022,216.52853479,53.9495092,19.96650326,12016.94244299,2.47358462,142.65374852,12462.09367622,7.03838358,878.0418166,1.0,10.14071504,13.88313835,2824.36770172,24.48145291,8146.70517445,16.9954372,69.47449239,304.45670809,0.86096562,21.59773469,2.06900507,1.62084148,0.86341579,1.95583,10.75493573,348.65044538,52.39132625,4.47234767,796.11789644,162.23884638,186.61986709,0.86096562,9.45515725,62.34355023,4.56672669,27970.79682287,10.6556956,8.26116416,10.20854977,51176.06848708,,254.44642159,182.57970386,12856.7446695,3463.32967808,4.49457959,16.9954372,4.26663019,0.99857883,94.60612077,3.045981,110.27,25.45535866,502.31851713,0.45789046,2.17939653,61.46145402,11488.80996957,123.08830438,5.04412666,9.38872672,42.6583504,8.39561305,27.45515236,18.26690674,4564.37588696,7.43648604,17485.18632181,0.46824171,1.21779378,2412.14231505,2.73471118,3.07029597,33.40836385,43.92581451,88.74261183,103.22466909,4.43276937,9.69191035,18.75515346,2.45338535,1531.81607932,132.19997798,132.56922097,521.84291446,3701041.52607191,1.62084148,634.72654571,13.05140792,4580.67903387,49.57280292,29.21855552,1.21779378,88.74261183,9.73881196,29.49077415,58.4873402,1.21779378,1777.25427162,34.01572637,38.22631265,963.91399366,24.2462232,4.92720535,4.56758487,655.95699998,3.96442384,1.09339256,0.84423589,0.3660126,117.55034162,1.21779378,655.95699998,0.00064674,4979.06739784,2410.22220912,0.04403733,5.43220675,3.29095585,151.10566088,119.33174224,4.27982721,0.86096562,19.06926727,16.9954372,209.02736651,3.30145435,1095.9603217,72.46296654,16.9954372,1.46974391,1898.7706112,1.21779378,6.53032749,1222.99800762,17.23479363,1.57639965,702.01966079,499.14616802,4.03050183,1.69959778,102.02770728
2021-05-24,7.8388859,115.18122226,491.96774999,1843.22891001,1371.53448726,10.26099315,240.71818685,1.95583,89.85502824,131.95854687,0.86240445,4346.06260465,753.61681327,217.35817544,53.84437335,20.06065929,12017.74465385,2.48394436,143.15513623,12586.98123655,7.0675553,892.26671457,1.0,10.16013477,13.95085975,2835.53642913,24.4819939,8185.45313573,17.0027768,69.51756957,305.65655441,0.86240445,21.68476304,2.07732264,1.62286344,0.86689837,1.95583,10.76802103,347.27789167,52.44370561,4.49038685,792.94264184,163.1834596,188.14513815,0.86240445,9.4922088,62.60603182,4.58514654,28187.06934953,10.69867527,8.30003792,10.17422344,51384.38930007,,255.32510174,183.31645578,12958.25244727,3485.39897455,4.48167869,17.0027768,4.2839574,1.00259728,94.75438875,3.06342083,110.27,25.40013732,504.32380755,0.45973736,2.18862861,61.70469108,11527.19898213,123.06086523,5.06632777,9.42994559,43.15431132,8.43137945,27.47144862,18.34058617,4566.10846636,7.43644444,17531.16601556,0.47013036,1.22270574,2421.62368737,2.73958426,3.07520028,33.52120523,44.59431675,89.0545171,103.66220754,4.45064891,9.73077203,18.81781501,2.46394197,1537.99464746,132.36206577,132.93465149,521.42234649,3715305.46159112,1.62286344,634.66555252,13.10153826,4600.001348,49.6647451,29.3333853,1.22270574,89.0545171,9.77697506,29.45948849,58.77678563,1.22270574,1784.34894599,34.12690045,38.325048,967.19941012,24.27202412,4.92535267,4.65980598,655.95699999,3.97387874,1.09579911,0.84592417,0.36772761,117.60389329,1.22270574,655.95699999,0.00065046,4979.092657,2413.86713603,0.04413396,5.45367451,3.30415959,151.100442,119.33174224,4.29010695,0.86240445,19.16056685,17.0027768,209.82917938,3.31641327,1100.43052431,72.95352026,17.0027768,1.47260971,1903.68679744,1.22270574,6.50545804,1223.5869051,17.30481193,1.5759885,705.1479495,501.19019297,4.03957808,1.6925829,102.43770858
2021-05-25,7.84220516,115.48785325,491.96774999,1847.9032969,1370.74169215,10.35739445,243.32084628,1.95583,90.05489387,132.05010216,0.86564301,4351.83009902,756.57545514,217.93861819,54.08674366,20.14020001,12050.13411759,2.4902883,143.36255454,12542.01283861,7.08982892,899.75949819,1.0,10.11348484,13.98532284,2842.46911094,24.49123952,8254.65342254,16.95934008,69.74930813,306.32476302,0.86564301,21.73249968,2.08262196,1.62221031,0.86909681,1.95583,10.77517884,348.87996686,52.66329663,4.50177437,792.75066472,163.47686671,188.95727162,0.86564301,9.51520618,62.75336797,4.59677437,28335.73056651,10.72580686,8.32414899,10.17083097,51514.08905774,,256.12128062,183.66106069,12996.04774919,3492.38640763,4.48088517,16.95934008,4.29473561,1.00516503,96.5374878,3.06810366,110.27,25.41321594,505.62391933,0.46090324,2.19388739,61.7377435,11555.53597944,123.25933363,5.07765515,9.45715128,42.81690644,8.45501687,27.58610697,18.38709748,4585.18299319,7.43615006,17557.58104351,0.4713226,1.2258065,2428.79646834,2.75833519,3.11689385,33.7069996,44.7573445,89.1835487,103.94298443,4.46193566,9.802558,18.84805183,2.4704615,1541.89496715,132.58258035,133.37326991,524.08055788,3724750.69007285,1.62221031,636.83834494,13.13515479,4613.03550731,49.5266311,29.42757654,1.2258065,89.1835487,9.80066237,29.53771246,58.97280784,1.2258065,1788.82459635,34.06208429,38.37138646,967.76153887,24.34486554,4.92432638,4.68205168,655.95699999,3.97427912,1.09664688,0.84743812,0.36862514,117.63522109,1.2258065,655.95699999,0.0006435,4991.78097288,2422.02624649,0.04351779,5.46354233,3.31261612,148.81045054,119.33174224,4.30110588,0.86564301,19.20564022,16.95934008,210.28687249,3.30957453,1103.20013421,73.41406711,16.95934008,1.47690998,1926.89921581,1.2258065,6.5357225,1214.55554066,17.34388768,1.57490834,707.00704376,505.77395105,3.9960168,1.67878181,102.51094698
2021-05-26,7.7856634,115.16429561,491.96775001,1837.38582312,1363.37114671,10.31736675,241.93869701,1.95583,89.7716352,131.38981212,0.8638678,4342.38398527,752.52586504,216.67461425,53.82840905,20.03646188,12035.17499091,2.47370528,142.57280266,12499.0241525,7.05826503,889.75120404,1.0,10.13798084,13.88872782,2826.23333466,24.49491555,8196.79424952,16.78434631,69.58438078,304.68100852,0.8638678,21.52763854,2.07076569,1.61467748,0.86415028,1.95583,10.75836748,349.54229637,52.0431449,4.4761522,793.23443694,162.86807862,189.22869714,0.8638678,9.4597282,62.39574659,4.5706115,28113.79939711,10.66476017,8.27850187,10.21711864,51220.27655894,,254.50601541,182.12973581,12931.82785632,3472.72201168,4.50123702,16.78434631,4.27021099,0.99945948,96.44099216,3.05943085,110.27,25.43188876,502.13468715,0.45827998,2.18170408,61.28228843,11500.39140507,123.17384272,5.05011245,9.40459877,42.74142387,8.40782185,27.52967956,18.282446,4562.52757872,7.43588186,17455.91499687,0.46864003,1.21882973,2412.92913558,2.71821246,3.05789861,33.56834426,44.66091132,88.69225671,103.34385945,4.43654023,9.69266633,18.7216552,2.45638126,1533.11916167,131.89078889,132.97161153,521.52208452,3716096.04848447,1.61467748,635.66176117,13.01632532,4586.19061347,49.20231051,29.26411374,1.21882973,88.69225671,9.74352004,29.37202782,58.6656809,1.21882973,1778.65970399,33.89826667,38.1354985,961.19103079,24.23663354,4.91718481,4.69743723,655.95700001,3.96068703,1.09388199,0.84411458,0.36650378,117.59617125,1.21882973,655.95700001,0.0006428,4983.89446815,2418.45399576,0.04407807,5.43400591,3.29381202,147.91122413,119.33174224,4.27668378,0.8638678,19.11163228,16.78434631,209.14019194,3.30083416,1096.92277301,73.85344663,16.78434631,1.47783915,2006.68150795,1.21882973,6.47365218,1204.43232953,17.24996226,1.57611629,702.98576271,506.93102732,4.02815339,1.67230654,101.47134107
2021-05-27,7.76515551,115.08015344,491.96775003,1836.8926333,1359.11089761,10.36796281,242.2837865,1.95583,89.58980553,131.20262609,0.85861737,4333.3465821,753.38542368,216.6170992,53.64891715,20.06029974,11976.7046542,2.47360688,142.12883267,12481.00012466,7.06943554,883.04976239,1.0,10.09285269,13.90725813,2825.75532575,24.77370388,8193.50051112,16.78962055,69.38233496,304.63054689,0.85861737,21.5009742,2.07019868,1.61321155,0.86391833,1.95583,10.77792446,348.16447667,53.12040734,4.47495071,792.99370567,162.78143325,189.49456491,0.85861737,9.45461553,62.3423031,4.56938466,28116.0956188,10.66189754,8.27793945,10.17638406,51207.95874061,,254.54018669,181.99558882,12900.09050927,3482.07103269,4.49077359,16.78962055,4.26901713,0.99915728,95.80754643,3.0757578,110.27000001,25.44231261,502.58997741,0.45815697,2.1811042,61.26490218,11501.74250984,123.10882434,5.04593647,9.40563105,42.93437898,8.41152428,27.44808564,18.27753864,4534.61533164,7.43654398,17424.66965269,0.46851424,1.21850258,2418.21722351,2.71015376,3.05625052,33.53877641,43.99416888,88.41607009,103.3299614,4.43534938,9.7244759,18.77732163,2.45629138,1532.70764289,131.84152952,133.93505036,520.83198065,3733193.94350813,1.61321155,634.11989444,13.01260301,4585.72919416,49.25034163,29.2662321,1.21850258,88.41607009,9.73825399,29.36771893,58.32244509,1.21850258,1778.31543245,33.82386191,38.1566117,960.97479781,24.31008967,4.91713255,4.68880561,655.95700004,3.95222096,1.09385766,0.84398916,0.36649419,117.59297459,1.21850258,655.95700004,0.00064312,4966.52302058,2412.63196558,0.04381749,5.42305698,3.29278078,146.90396149,119.33174225,4.27549846,0.85861737,19.10528163,16.78962055,209.08523313,3.28943326,1096.52482564,73.93433832,16.78962055,1.47181462,2006.38250948,1.21850258,6.38474474,1209.01481855,17.24504458,1.57309606,703.08345874,506.87302496,3.99600748,1.67512098,101.15107294
2021-05-28,7.76509387,115.28974828,491.96775,1838.10706302,1358.10182712,10.43444928,241.98593386,1.95583,89.25441775,131.21485402,0.8586223,4322.45333188,753.89680925,217.0362075,53.47085021,20.07138911,11969.40495103,2.48207205,141.89481744,12427.50618749,7.04716552,883.39017292,1.0,10.13047261,13.80641643,2826.65943323,24.96486694,8195.01723696,16.79529569,69.56186981,304.78947182,0.8586223,21.47494282,2.07157789,1.61302532,0.86448949,1.95583,10.76293441,348.20269316,53.09816233,4.47790925,783.10105313,162.60400595,188.49027703,0.8586223,9.46329807,62.37238999,4.57240563,28099.77673539,10.66894647,8.28452434,10.21903031,51241.81401136,,256.64000074,182.10505362,12911.11401294,3475.79237383,4.48443019,16.79529569,4.26765248,0.9998398,94.63119394,3.08473577,110.27,25.46030502,503.56609634,0.45845987,2.17951725,61.30562873,11506.89600401,123.1726418,5.04116265,9.41382129,42.96449977,8.41731362,27.42054438,18.28962252,4523.24654107,7.43651716,17438.12683554,0.46882399,1.21930817,2424.80181895,2.71805454,3.09312408,33.59073999,44.03038075,88.27049296,103.39624824,4.43828173,9.71557923,18.77643174,2.45782448,1533.72096598,130.81042276,133.9518181,522.43466831,3731385.20279772,1.61302532,634.96872954,12.97137055,4585.24740136,49.28446885,29.28853398,1.21930817,88.27049296,9.74719701,29.30777217,58.21936711,1.21930817,1779.4910954,33.70186094,38.10895617,963.55449466,24.29227433,4.91918099,4.69790856,655.957,3.96228509,1.09728601,0.84424895,0.36703902,117.86106993,1.21930817,655.957,0.00064058,4959.03584819,2404.52631298,0.04348537,5.42783062,3.29518441,147.59033174,119.33174224,4.32899686,0.8586223,19.09087689,16.79529569,208.86247578,3.29433456,1097.37748783,74.08561845,16.79529569,1.472247,2007.70373273,1.21930817,6.37162648,1209.71372387,17.25573779,1.58125869,703.85436255,507.20828507,3.97932991,1.67834985,101.66931187
2021-05-29,7.76303346,115.25167904,491.96775,1837.75723275,1357.5407732,10.42579429,241.93768473,1.95583,89.02360672,131.23612614,0.8589033,4325.07112258,755.72531852,216.99511294,53.51810134,19.99279076,11949.34979985,2.48257614,141.91494297,12423.58054586,7.01236032,883.27749571,1.0,10.12847016,13.80378878,2825.20730854,24.44254414,8296.30969247,16.7942713,69.49909996,302.14824134,0.8589033,21.47036786,2.07118362,1.61286976,0.86432496,1.95583,10.75209053,348.05185782,52.44662127,4.47705701,782.94344565,163.39294533,188.38692031,0.8589033,9.46180179,62.39169621,4.5715354,28147.1398641,10.66691594,8.29600104,10.21338338,51232.06313538,,256.59236251,181.46794345,12908.81480165,3475.20309263,4.48338367,16.7942713,4.26676638,0.99964825,94.61226826,3.08426252,110.27,25.45508512,502.90311744,0.45837262,2.17909954,61.34390512,11502.86224383,123.2499608,5.03996207,9.41869461,43.09344639,8.41780151,27.53810786,18.28614162,4518.79980567,7.43590547,17447.80070633,0.46873476,1.21907611,2424.46201503,2.71754143,3.09254214,33.70869709,44.63033042,88.28301274,103.40803089,4.43743703,9.71373128,19.10241018,2.45667893,1533.42906676,130.78531041,133.90671388,522.05766046,3730603.6005169,1.61286976,634.87047331,12.96872495,4568.09049379,49.73811778,29.29284051,1.21907611,88.28301274,9.74565585,30.47690532,58.15535202,1.21907611,1779.15437926,33.83214748,38.10824847,973.04278801,24.28606194,4.91896658,4.6074937,655.957,3.96338878,1.09705255,0.84408827,0.3665742,117.84198901,1.21907611,655.957,0.00064026,4952.53869644,2394.97650509,0.04359958,5.42171963,3.29150656,147.12301896,119.33174224,4.30378653,0.8589033,19.06915894,16.7942713,208.82254837,3.32782262,1097.16849716,74.07145676,16.7942713,1.47179716,2008.09207605,1.21907611,6.36970207,1198.38536517,17.15850517,1.58069977,713.22788274,507.11188803,3.97845494,1.68033446,101.64996207
2021-05-30,7.7625237,115.30883859,491.96775,1839.35347358,1357.75122874,10.4642184,241.91182264,1.95583,89.48813409,131.20710579,0.8594894,4323.45681393,754.17492698,216.91214027,53.4640475,20.09501985,11957.33220807,2.47224478,142.00748433,12501.11808291,7.05144476,884.0394265,1.0,10.13265486,13.91777496,2829.5143564,24.49191552,8200.08007789,16.8227797,69.35459574,304.96067224,0.8594894,21.52913891,2.07298236,1.61382157,0.8650757,1.95583,10.79064781,348.06385502,53.04519184,4.48094569,795.7865385,162.72662073,188.61135396,0.8594894,9.46989873,62.41378907,4.57550615,28131.83983334,10.67618102,8.29011347,10.19308147,51276.86966417,,254.69144945,181.71457345,12917.29006097,3478.27358033,4.48411558,16.8227797,4.27475934,1.00051028,95.66759413,3.08181683,110.27,25.47214771,503.88744274,0.45877075,2.18394073,61.46170968,11527.34450611,123.19859564,5.05061876,9.41989679,42.61578238,8.4192394,27.41767474,18.30202461,4522.58186974,7.43657194,17424.15740453,0.4691419,1.22013497,2421.65026963,2.71859883,3.07799048,33.57130037,44.0846233,88.34058123,103.44301639,4.44129131,9.75691422,18.80826092,2.45924117,1534.76097396,132.30254867,133.82170187,520.92779458,3733901.96945729,1.61382157,634.07276089,13.00483256,4587.88466931,49.33206021,29.30941185,1.22013497,88.34058123,9.75399569,29.32304563,58.23216939,1.22013497,1780.38666918,33.7333098,38.12205973,964.46863837,24.31278811,4.92077978,4.65228238,655.957,3.96607881,1.09641693,0.84440189,0.36729206,117.67237523,1.22013497,655.957,0.00063925,4960.04278478,2408.09759902,0.04340935,5.43078794,3.29731917,147.60611652,119.33174224,4.28115694,0.8594894,19.09161352,16.8227797,209.35262605,3.29725235,1098.0753688,74.17381064,16.8227797,1.47321368,2008.5260739,1.22013497,6.38934414,1220.04456458,17.26637754,1.57918329,703.65409348,507.56025211,3.98724884,1.68125755,102.03302341
2021-05-31,7.79122609,115.72535177,491.96774998,1843.93528148,1352.33749508,10.38528243,241.10471454,1.95583,89.74972511,131.4788855,0.85879859,4326.3276353,755.87835979,217.4471997,53.4876192,17.9368169,11978.51931528,2.48603399,142.59106725,12502.58687278,7.07931947,884.20534401,1.0,10.12801188,13.95492836,2836.71559906,24.52548084,8262.96626347,16.77542502,69.48072435,305.67351795,0.85879859,21.54443698,2.07809286,1.6137471,0.86723059,1.95583,10.80001465,347.05471332,53.16079042,4.49210768,791.56188832,162.94529432,187.74061679,0.85879859,9.49109714,62.56771356,4.58690369,28317.7173027,10.70277527,8.30322762,10.13813524,51401.85798072,,255.28518006,182.11787495,12926.81188449,3496.56875381,4.47959112,16.77542502,4.2854352,1.0029803,95.76163418,3.09520556,110.26999999,25.43904557,505.13182502,0.45991354,2.18932783,61.73134939,11550.17829785,123.32239191,5.03946545,9.43938535,42.72193394,8.44041031,27.44633778,18.34761474,4534.30482021,7.43725664,17451.23840798,0.47031052,1.22317432,2418.58521303,2.71512769,3.10959593,33.62363257,44.20293921,88.70361882,103.67102256,4.45235451,9.78143415,18.72349671,2.46461771,1538.58404552,132.37624838,133.87220456,523.22369055,3784557.27256491,1.6137471,633.49140866,13.0255526,4597.11790553,50.49708268,29.37989236,1.22317432,88.70361882,9.77583006,29.41505637,58.30151158,1.22317432,1784.8584155,33.71609574,38.15422272,966.9845213,24.35175008,4.91790581,4.68988776,655.95699997,3.97284495,1.09891596,0.84576432,0.36792704,117.59652449,1.22317432,655.95699997,0.00063997,4968.53752869,2411.917697,0.04331289,5.44225047,3.30548943,147.58944117,119.33174224,4.29213186,0.85879859,19.19213577,16.77542502,209.85256748,3.30056658,1100.79454347,74.60814634,16.77542502,1.47390798,2013.39541973,1.22317432,6.38226961,1220.90675658,17.3082538,1.57539261,705.45177426,515.48118174,3.98296523,1.67936538,102.28872837
2021-06-01,7.80179252,115.68994034,491.96775002,1842.51739459,1356.63046464,10.56433029,241.47152935,1.95583,89.90019063,131.66183206,0.86315737,4334.22528864,754.99515005,217.28474246,53.62377164,20.11600366,11984.65481309,2.48311352,143.16289036,12484.44581712,7.07731966,890.38839101,1.0,10.10204368,13.93239062,2834.05229749,24.47489707,8258.87061829,16.80034321,69.53315764,305.47125878,0.86315737,21.51829521,2.07656826,1.6161651,0.86656374,1.95583,10.77988629,346.15356835,53.24481256,4.48865349,788.72864647,163.07930824,189.55824826,0.86315737,9.48238808,62.56925797,4.5833766,28214.17840423,10.69454541,8.29807783,10.14491943,51363.37994447,,255.17298226,181.99514686,12913.71016913,3481.24873029,4.46080437,16.80034321,4.28245368,1.00223077,96.35698059,3.10124869,110.27,25.40784033,504.74837741,0.45955989,2.1876573,61.63675352,11535.24560441,123.26862888,5.04376541,9.43572694,42.70467621,8.4324156,27.55326394,18.33350641,4479.35513942,7.43651156,17433.00662525,0.46994888,1.22223376,2421.77918205,2.76373142,3.07903386,33.51523745,44.13711361,89.05934081,103.56971415,4.44893089,9.77268609,18.83219932,2.46252874,1537.40095728,132.27385938,133.97636078,521.85349678,3799952.7926616,1.6161651,635.07865479,12.99254758,4591.99448141,50.03446979,29.36194328,1.22223376,89.05934081,9.76685972,29.37240198,58.46197107,1.22223376,1783.56387283,33.76358222,38.09320941,967.37742972,24.39267907,4.91938319,4.71793136,655.95700002,3.96334432,1.09641388,0.84583113,0.36762963,117.60650031,1.22223376,655.95700002,0.00064408,4974.64094786,2414.88068934,0.04394929,5.43916427,3.30299173,147.09835674,119.33174225,4.28899519,0.86315737,19.1650318,16.80034321,209.6363819,3.30345115,1099.96065381,74.66959875,16.80034321,1.47407243,2012.0530545,1.22223376,6.29629038,1212.35768628,17.2950278,1.5747914,705.40595613,518.52018347,3.97197553,1.6829809,102.21299085
2021-06-02,7.79384425,115.68109298,491.96775,1839.9584587,1357.35647336,10.49099411,240.96490596,1.95583,89.2255864,131.33804386,0.8614383,4316.2910106,754.2850654,217.05672156,53.30738636,20.0779043,11936.43647036,2.48060022,143.24869648,12496.13183218,7.06875124,877.01337178,1.0,10.10243757,13.87115668,2829.81764053,24.47357318,8259.27681589,16.49058641,69.24317259,304.63796832,0.8614383,21.47855928,2.07369861,1.61421223,0.86536023,1.95583,10.77389621,346.27875234,53.0030417,4.48241953,793.22586274,162.99090067,188.80297557,0.8614383,9.46893373,62.43446877,4.57701109,28135.28164117,10.67969255,8.2647726,10.12321233,51294.08823601,,255.40744675,181.0306539,12863.71615796,3487.66357455,4.45676245,16.49058641,4.27589307,1.00085611,95.77784492,3.09428725,110.27,25.45899224,504.03647551,0.45892165,2.183858,61.53782506,11516.78023237,123.17228163,5.03195571,9.42236567,42.65670087,8.41959083,27.47203362,18.30804437,4458.47318043,7.43674939,17431.6826018,0.4692962,1.22053629,2420.29423316,2.70840569,3.09974024,33.38160684,44.07852999,89.11271943,103.44290949,4.4427521,9.75891515,18.8558592,2.45944565,1535.265775,131.85758708,133.85625111,522.31058627,3794153.92680963,1.61421223,632.15091163,12.97467556,4583.91700294,49.72413153,29.32158704,1.22053629,89.11271943,9.75300175,29.65794356,58.3622669,1.22053629,1781.21793753,33.74671849,37.96990208,969.68559875,24.2957702,4.92147999,4.65738913,655.957,3.96766681,1.09650861,0.84517852,0.36735642,117.58060224,1.22053629,655.957,0.0006404,4958.56069346,2403.85086426,0.04325633,5.42854285,3.29794278,146.30026367,119.33174224,4.28320775,0.8614383,19.14204193,16.49058641,209.10870183,3.30799938,1098.49116455,74.66470009,16.49058641,1.46979639,2009.29258732,1.22053629,6.19604966,1215.09047677,17.25695411,1.57676514,704.79924779,519.14695178,3.92526098,1.68962394,102.98049616
2021-06-03,7.76015278,114.79154013,491.96775,1826.74696138,1353.55633623,10.55775068,239.90488195,1.95583,88.77348985,130.92924875,0.85944511,4294.40317655,748.22580273,215.43135028,53.17184879,19.94144006,11920.27918206,2.48217449,142.26518568,12421.09468379,7.03330966,871.22307374,1.0,10.10320849,13.78490241,2810.17012337,24.47377683,8192.60138936,16.51819787,69.28102321,302.7630525,0.85944511,21.33584653,2.05877618,1.60902961,0.85914666,1.95583,10.72631369,347.18830026,52.23513551,4.45023431,787.15837241,162.12979197,187.92383175,0.85944511,9.40102932,62.02817483,4.54414667,27962.75871984,10.6030089,8.20539369,10.16934189,50923.77127135,,252.97798805,180.01997067,12770.20500814,3452.48098465,4.45750402,16.51819787,4.24510581,0.99365396,95.03599049,3.07656682,110.27,25.46844983,500.36639321,0.45562644,2.16877732,61.28589359,11422.42426973,123.02779205,5.00201304,9.35392845,42.35387626,8.35519584,27.46180899,18.17658668,4435.80110061,7.43674994,17346.02544576,0.46592651,1.21177245,2400.18134188,2.6999991,3.07804832,33.08523767,44.02871011,88.50089311,102.65531885,4.4108517,9.6872674,18.6540469,2.44092199,1524.24206977,131.95498911,133.53596238,518.92960376,3745046.95329599,1.60902961,632.51683827,12.857885,4552.12242946,49.56407814,29.10201335,1.21177245,88.50089311,9.6830602,29.17464311,57.90433475,1.21177245,1768.4132844,33.65249706,37.84017084,961.82479065,24.45721957,4.92257785,4.68146823,655.957,3.94738819,1.09553072,0.8416056,0.36478218,117.51929414,1.21177245,655.957,0.00064799,4961.26089613,2405.52989252,0.04421095,5.38661835,3.27465284,146.89794419,119.33174224,4.25313863,0.85944511,19.00748377,16.51819787,207.60073283,3.29835372,1090.56208949,74.63682579,16.51819787,1.46863519,1994.15771376,1.21177245,6.15379459,1200.26474469,17.14526335,1.58278083,699.95069403,516.03295945,3.76354201,1.69623473,102.60407785
2021-06-04,7.78062836,115.32595269,491.96775,1834.138622,1351.5185324,10.54204862,241.03699613,1.95583,88.35236133,131.27379553,0.85941321,4312.77444553,752.23791596,216.56763599,53.21624834,18.9266161,11947.28693865,2.50106918,142.59903093,12406.31689948,7.03617875,873.95871322,1.0,10.06601282,13.77399062,2820.39531915,24.68169891,8243.27078723,16.34641665,69.40133615,303.59911278,0.85941321,21.44004121,2.06833095,1.61124781,0.86262307,1.95583,10.79668643,345.77731708,52.5376828,4.46824152,781.17737754,162.66531653,187.98566541,0.85941321,9.43723698,62.22770616,4.56253389,28059.67663967,10.6459124,8.22447318,10.10654804,51130.81125925,,254.70273655,180.32306171,12822.88376624,3468.3105634,4.45932732,16.34641665,4.27045966,0.99767995,95.38398088,3.0723206,110.27,25.42845195,500.66598261,0.45747006,2.17481693,61.61900705,11480.74983873,123.14002333,5.02273395,9.39551449,42.67220926,8.39143355,27.45024695,18.25013554,4390.04080969,7.43731926,17362.54216329,0.46781181,1.2166757,2419.43413816,2.71095389,3.11484757,33.36231348,44.02042812,88.7085729,103.10973446,4.42869956,9.71396463,18.74636905,2.45131528,1530.40968923,131.56008901,133.29028787,520.4869509,3765125.95384367,1.61124781,632.69963508,12.9120249,4573.91697262,49.4056928,29.23721845,1.2166757,88.7085729,9.72035409,29.44137278,58.00796695,1.2166757,1775.62912921,33.59833855,37.89585317,969.26303069,24.2931184,4.92274766,4.65376305,655.957,3.95722185,1.09376582,0.84559227,0.36617129,117.56650605,1.2166757,655.957,0.00064324,4961.01041668,2400.83675847,0.04366244,5.41192994,3.28747846,147.1091772,119.33174224,4.26354434,0.85941321,19.08205521,16.34641665,207.44582031,3.32183465,1095.00887746,74.87324195,16.34641665,1.46908585,2002.87877628,1.2166757,6.14294391,1200.70655637,17.20026293,1.57173695,705.11435111,518.15357088,3.8355728,1.68660839,103.01894791
2021-06-05,7.78153096,115.33606543,491.96775,1834.33935644,1351.87299208,10.53933028,240.83411414,1.95583,88.65654035,131.29215341,0.85948392,4313.56090074,752.9988269,216.5913947,53.0893835,19.21892387,11927.15994127,2.5005603,142.62374702,12410.81668676,7.01149153,874.10211156,1.0,10.06653832,13.77549809,2819.95215093,24.45660316,8272.26472062,16.34373239,69.43221587,301.28478898,0.85948392,21.42073011,2.06856928,1.61164272,0.86271748,1.95583,10.89552275,345.82861312,52.50533618,4.46873054,781.18339458,163.26264549,188.04201902,0.85948392,9.43853733,62.24031257,4.56303322,28093.4816758,10.64707752,8.18855264,10.10779644,51136.39234134,,254.72775329,179.2889876,12824.20237244,3467.93068541,4.46051419,16.34373239,4.27099908,0.99776726,95.39821217,3.07244249,110.27,25.43083626,500.72926954,0.45752013,2.17504688,61.71643454,11482.70125513,123.13119511,5.02385907,9.40711806,43.00128928,8.40215527,27.52364994,18.2521329,4389.64016473,7.43771123,17404.97662822,0.46786301,1.21680886,2419.95297931,2.71127945,3.11525996,33.39501256,44.14625446,88.72394838,103.21568662,4.42918425,9.71501353,18.79945468,2.45210924,1530.57718253,131.57477559,133.3133635,519.81609203,3765525.7468803,1.61164272,632.78921341,12.91247627,4571.38955896,49.70636993,29.25161272,1.21680886,88.72394838,9.72169345,30.41968829,58.05194099,1.21680886,1776.02600616,33.55867897,37.89686199,971.1850122,24.29389374,4.92375835,4.59887334,655.957,3.95766931,1.09394613,0.84570503,0.36699327,117.28493692,1.21680886,655.957,0.00064333,4963.55187137,2391.15715217,0.04368782,5.41309496,3.28531872,147.17165502,119.33174224,4.25884653,0.85948392,19.06963773,16.34373239,207.46835826,3.32370852,1095.11016891,74.88114919,16.34373239,1.47053552,2004.45289417,1.21680886,6.1407338,1196.63858725,17.12667911,1.57189679,711.92905971,518.20795338,3.83586851,1.68705629,103.03022266
2021-06-06,7.78849073,115.30302185,491.96775001,1834.06567369,1352.98609372,10.56051238,239.74071535,1.95583,88.60790602,130.82057522,0.86021186,4292.88033392,751.71257204,216.27458463,52.84341069,18.77530912,11960.95605342,2.48791707,142.5712104,12465.36669206,7.03297955,873.88958548,1.0,10.0654751,13.87849589,2821.23472275,24.63967598,8227.29035461,16.33853465,68.96567179,304.17859418,0.86021186,21.44601733,2.06702248,1.6113743,0.86258876,1.95583,10.73717564,345.82575247,52.80274878,4.46806381,791.08320945,162.65887906,188.76629309,0.86021186,9.43775275,62.2221281,4.56235242,28056.16383249,10.64548898,8.24482569,10.10486152,51130.32660152,,253.94863519,180.90956796,12840.11429439,3461.25636703,4.45644558,16.33853465,4.26247151,0.99761393,95.13788761,3.08695926,110.27,25.42064686,501.81264099,0.45745187,2.17776294,61.59357795,11500.52068877,123.0335353,5.02269362,9.38944964,42.48786977,8.3889159,27.31581658,18.24940969,4389.67070972,7.43732432,17362.1668016,0.4677932,1.21662731,2401.70795982,2.71091086,3.07085091,33.1392132,43.88596311,88.69126619,103.08421147,4.42852342,9.72943585,18.71167092,2.45108691,1530.34882098,131.94754622,133.29003952,520.0028538,3787090.31883246,1.6113743,628.42421653,12.91054952,4576.10590732,49.23616663,29.22971645,1.21662731,88.69126619,9.72088533,29.5344297,58.04606173,1.21662731,1775.48596043,33.71817194,37.98210778,968.27937748,24.27007143,4.92296527,4.68460158,655.95700001,3.95414674,1.09396149,0.84368405,0.36572401,117.59526929,1.21662731,655.95700001,0.0006443,4940.03036709,2393.45842634,0.04392297,5.41157085,3.28744875,147.10451827,119.33174225,4.26884756,0.86021186,19.09041783,16.33853465,208.27657426,3.30443026,1094.94078726,74.68690282,16.33853465,1.47083702,2002.09401308,1.21662731,6.1399814,1202.89383288,17.21854474,1.57274155,701.26551506,518.14287156,3.84391758,1.68817248,103.01877836
2021-06-07,7.78692448,115.58278739,491.96775,1836.32734468,1357.4787743,10.4982834,240.54956499,1.95583,88.67840777,131.42908286,0.8601465,4305.2414702,752.96307496,216.54953735,53.11458147,20.03195832,11917.19052079,2.47575579,142.62796418,12465.48090778,7.06407071,872.63148541,1.0,10.06899248,13.8709064,2824.80493255,24.7100828,8229.16678508,16.48718148,69.47145696,304.5573964,0.8601465,21.47253063,2.06957325,1.61180505,0.86365246,1.95583,10.7303868,346.87949206,52.83065169,4.47357358,792.06343854,162.79931626,189.10966468,0.8601465,9.4511323,62.28580238,4.56797847,27849.49498619,10.65861643,8.24978658,10.07853613,51192.07927379,,254.12214786,180.92115824,12838.21842279,3477.06610452,4.46811252,16.48718148,4.26772773,0.9988608,95.49568417,3.07765116,110.27,25.41790348,502.43805766,0.45801597,2.18044657,61.77432409,11503.20495832,123.2441132,5.01891868,9.3971212,42.51783666,8.39887762,27.4603189,18.27191388,4394.69357532,7.43641185,17377.17820015,0.46837006,1.21812759,2411.28629573,2.71415173,3.08149639,33.15705627,44.05339454,88.72657181,103.15786391,4.43398443,9.74088501,18.61314879,2.45362164,1532.2359647,131.85036376,133.26714379,520.06943129,3788440.56707594,1.61180505,632.06377906,12.92643094,4581.95473334,49.47900287,29.25661975,1.21812759,88.72657181,9.73466627,29.562234,58.11964861,1.21812759,1777.59412523,33.7854473,38.01380831,970.57680898,24.16707135,4.92317605,4.79639509,655.957,3.95692198,1.09352943,0.84391161,0.36615961,117.26843457,1.21812759,655.957,0.00064204,4971.18905763,2406.68244956,0.04372227,5.41825958,3.2914829,146.70642773,119.33174224,4.27412177,0.8601465,19.11069801,16.48718148,208.53028227,3.30315699,1096.28708796,75.16164902,16.48718148,1.4726158,2004.15494456,1.21812759,6.14746663,1205.63445014,17.23557573,1.57244528,701.95188853,518.95077572,3.83374589,1.68622876,103.08902719
2021-06-08,7.79143953,115.64667453,491.96774997,1836.51370517,1358.3550582,10.48537164,241.12535679,1.95583,87.99757428,131.44294443,0.86008316,4290.65844564,753.52259405,216.57428001,53.10777086,19.52498051,11959.67001147,2.48170003,142.78705523,12488.1022385,7.08493207,874.37244324,1.0,10.06885901,13.89133237,2825.38128493,24.68387533,8227.33626337,16.54015752,69.50256471,304.55213113,0.86008316,21.47490565,2.06980282,1.61227531,0.86374011,1.95583,10.74173045,348.81810139,52.83597144,4.47402758,788.29227943,163.23200172,189.580866,0.86008316,9.45269463,62.32340732,4.56844205,27943.64705015,10.65969812,8.2484183,10.06550761,51197.34534336,,254.17934714,180.91940677,12840.52694516,3480.9591311,4.46233519,16.54015752,4.26813585,0.99896542,95.6265683,3.05851635,110.26999999,25.43278825,502.48235212,0.45806246,2.18066717,61.73144802,11496.52558094,122.91547358,5.01656818,9.39785853,42.51207518,8.400266,27.46080219,18.27376821,4378.4393211,7.43646805,17365.48620867,0.46841759,1.21825121,2414.0296193,2.70131099,3.06733585,33.02080791,44.02148064,88.8255398,103.20183255,4.43443442,9.74249958,18.7247582,2.45387094,1532.39146435,132.08426785,133.348116,520.09372362,3785954.23384962,1.61227531,631.85009919,12.92788559,4587.94338037,49.303508,29.26897984,1.21825121,88.8255398,9.73627546,29.57115043,58.14577971,1.21825121,1777.88914849,33.79254208,37.94462769,971.36677353,23.97866783,4.9232932,4.7894859,655.95699996,3.95342513,1.09184568,0.84406688,0.36648364,117.37898494,1.21825121,655.95699996,0.00064317,4972.24816461,2404.50657632,0.04397396,5.43160734,3.29198146,146.86616899,119.33174224,4.27455303,0.86008316,19.06886485,16.54015752,208.55757219,3.29816799,1096.40636757,75.48484136,16.54015752,1.47516194,2004.23466389,1.21825121,6.13555737,1201.57865567,17.147068,1.57414702,702.10298494,519.08907766,3.81873804,1.69235455,103.10538065
2021-06-09,7.77002933,115.67199113,491.96775001,1834.44955957,1355.95181424,10.45123205,241.53449888,1.95583,88.03705016,131.32247237,0.86212102,4290.21057968,752.99232323,216.31961618,52.9872748,20.01114587,11944.41405264,2.48171952,142.78186798,12483.28967889,7.07435098,876.04161934,1.0,10.06185435,13.87592276,2821.9628196,24.47037993,8214.92753714,16.71688901,69.38837253,304.22636833,0.86212102,21.48623636,2.067452,1.61106804,0.86276931,1.95583,10.73633321,346.35857533,53.09700052,4.46899901,791.34823655,162.60010543,189.31543698,0.86212102,9.44247839,62.29410536,4.56330736,27878.60418461,10.64771718,8.24032809,10.07755054,51139.12201845,,253.88547854,180.70563175,12851.44165536,3473.23119836,4.47388513,16.71688901,4.26342604,0.99782841,96.06301864,3.04583451,110.27,25.39155097,501.94318898,0.45754762,2.17821469,61.67303104,11482.27007118,122.79946163,5.00954521,9.38994691,42.47231674,8.39549783,27.49051051,18.25322945,4379.24137725,7.43663159,17320.7931128,0.46789111,1.21688196,2407.35845604,2.70416684,3.07545631,32.97464166,44.05556146,88.82231289,103.08166693,4.42945035,9.73098783,18.70366718,2.4516005,1530.66913628,132.04448033,133.3062663,519.49638909,3781418.42846258,1.61106804,630.82115431,12.87606539,4589.07190479,50.09931625,29.23358666,1.21688196,88.82231289,9.72575274,29.53748162,58.04478584,1.21688196,1775.87879315,33.732248,37.88067048,970.3514974,23.98646401,4.92215272,4.67638444,655.95700001,3.94679422,1.09021349,0.84359695,0.36591278,117.60599126,1.21688196,655.95700001,0.00064468,4968.69091822,2409.49707625,0.04386765,5.42617088,3.28812657,147.50174355,119.33174224,4.2697109,0.86212102,19.08090236,16.71688901,208.66958961,3.30086247,1095.1733501,75.51795322,16.71688901,1.47459993,2003.20214379,1.21688196,6.16212798,1224.73729153,17.12779559,1.57366424,701.60372075,518.48987009,3.82081711,1.69524422,102.85608554
2021-06-10,7.78469077,115.90199703,491.96775,1837.48499805,1354.36194243,10.27414887,241.75910293,1.95583,87.47080233,131.49319261,0.85974424,4288.01490541,754.66032144,216.67411455,53.03318284,20.04438703,11965.31914007,2.48133516,142.88335047,12505.19298271,7.09049685,877.36103505,1.0,10.04438761,13.86584166,2825.92799457,24.65115287,8244.82890602,16.55374208,69.37464199,304.78690959,0.85974424,21.55643053,2.07082654,1.6116296,0.86419692,1.95583,10.74417013,345.28368169,52.97211501,4.4763938,792.53807872,163.39346849,189.84370636,0.85974424,9.45778613,62.39750276,4.5708582,27841.08257148,10.66533581,8.26265364,10.06802765,51223.68401048,,254.31488417,181.00356413,12950.42163091,3472.80945477,4.47275775,16.55374208,4.25815782,0.99946556,95.75315804,3.0317069,110.27,25.35758076,503.35985446,0.45830472,2.18181569,61.68474246,11481.73002728,123.00392111,5.01673488,9.40386502,42.54613276,8.40236577,27.47593644,18.28343282,4395.68343204,7.43637813,17308.18160111,0.46866533,1.21889552,2411.89145145,2.70509804,3.07531267,33.03931882,43.94782025,88.88544353,103.24277287,4.4367797,9.74740514,18.73501284,2.45590023,1533.20191347,132.0435965,133.33979715,520.71116387,3782960.09308763,1.6116296,632.53602969,12.89587494,4601.25027843,49.50994592,29.28514637,1.21889552,88.88544353,9.74151971,29.58394893,58.13725543,1.21889552,1778.78265665,33.66314072,37.88289612,972.47397745,23.98664108,4.92136393,4.74728044,655.957,3.95310803,1.08914705,0.84417,0.3664427,117.61350516,1.21889552,655.957,0.00064166,4964.24326374,2408.35388833,0.04336211,5.43301914,3.29354677,147.04319763,119.33174224,4.2768299,0.85974424,19.1031816,16.55374208,208.72267137,3.31820336,1096.93505988,75.70428524,16.55374208,1.47341119,2006.07905141,1.21889552,6.16246453,1223.53614059,25.60676255,1.57188891,702.75009761,522.43873622,3.84524035,1.69483058,102.77814108
2021-06-11,7.74796858,115.19558372,491.96774998,1825.42627563,1352.01253167,10.1536109,239.95900979,1.95583,87.2159455,130.52806382,0.8582456,4265.89579178,749.69335707,215.53904448,52.8004041,18.54388421,11888.42904193,2.48207039,142.53346893,12346.09334057,7.00770721,874.29986764,1.0,10.07277817,13.71195573,2809.06140932,24.35353998,8140.11930742,16.62413317,69.09346799,302.74523358,0.8582456,21.41458309,2.05851291,1.60575642,0.85852553,1.95583,10.70562819,348.18356262,52.86486335,4.44701691,777.45116052,162.35841288,189.34831901,0.8582456,9.39821895,61.98735307,4.54086138,27787.73328385,10.59534323,8.21063125,10.09925627,50888.27395398,,254.87026529,179.81444695,12821.01742252,3451.83738208,4.50156635,16.62413317,4.25007458,0.99293995,94.28473105,3.00301649,110.27,25.39186201,499.58080542,0.45529703,2.16449433,61.26062032,11430.90235185,123.06116832,4.97430952,9.34297369,42.28427669,8.34751016,27.35177637,18.16344553,4418.20833515,7.4370388,17217.83396844,0.46558965,1.21089637,2408.10696219,2.68731775,3.05012207,32.75370086,43.71230736,88.66778782,102.60554665,4.40766278,9.67942454,18.64797793,2.43993174,1523.1400864,130.06282331,132.78294207,517.40909079,3767682.08579516,1.60575642,627.9703119,12.86715253,4570.4693692,49.26256656,29.09339929,1.21089637,88.66778782,9.68016551,29.07154877,57.85037498,1.21089637,1767.21438601,33.49126737,37.64652554,966.80398362,24.07578026,4.91889363,4.67156999,655.95699998,3.93978673,1.0877804,0.83970622,0.36400586,117.56280105,1.21089637,655.95699998,0.00064492,4941.83351437,2389.07669041,0.04322181,5.39773294,3.27243933,147.22153189,119.33174224,4.24610531,0.8582456,18.93621213,16.62413317,206.8176594,3.29441431,1089.80703506,75.36609223,16.62413317,1.47237187,1993.02858109,1.21089637,6.19530328,1217.1569162,17.22898156,1.57088539,698.21763981,518.88489134,3.82820521,1.69900162,102.40195688
2021-06-12,7.74649311,115.21045893,491.96775,1825.4461615,1352.8016974,10.15560648,239.61184873,1.95583,87.38752478,130.59791141,0.85844962,4257.63862628,750.6556662,215.54131765,52.84800805,19.85882862,11871.30460149,2.48213262,142.59998354,12349.79441029,6.99506736,874.30494727,1.0,10.06623789,13.71210511,2806.28053604,24.46035695,8173.78234003,16.62273088,69.0690998,300.00626038,0.85844962,21.41493822,2.05854271,1.6054196,0.85853488,1.95583,10.84269929,348.31758709,52.49313804,4.44706536,777.39369044,163.19501804,188.49533179,0.85844962,9.398373,61.87826745,4.54091085,27837.62849549,10.59545865,8.19120012,10.0875643,50888.99835575,,254.87388747,179.63509251,12821.1280916,3451.1585765,4.49966635,16.62273088,4.25029254,0.99295244,94.27925525,3.00305573,110.27,25.41014358,498.92058316,0.45530199,2.16450223,61.5380806,11434.7332425,123.26667699,4.97499171,9.37452789,42.68424405,8.3735635,27.4148282,18.1636434,4425.23073654,7.43796359,17205.19187285,0.46559473,1.21090956,2408.22062882,2.68735736,3.05015677,32.86407527,43.93222697,88.7091655,102.72506879,4.4077108,9.67952962,18.97454867,2.44022051,1523.15667922,130.06494155,132.80998956,516.82081979,3786440.18048168,1.6054196,627.98977346,12.81455531,4573.35371784,49.70719342,29.07208086,1.21090956,88.7091655,9.68032419,30.27271769,57.8804816,1.21090956,1767.4195357,33.53093634,37.65117851,972.58216733,24.06684505,4.92018218,4.57657714,655.957,3.9395156,1.08701467,0.83970234,0.36496439,116.98664933,1.21090956,655.957,0.00064509,4940.6928495,2383.05980371,0.04331859,5.38892224,3.26945778,147.30983203,119.33174224,4.24809604,0.85844962,18.9294393,16.62273088,206.81858091,3.31365585,1089.81860388,75.36650067,16.62273088,1.47188151,1994.7357422,1.21090956,6.19401159,1191.7618412,25.43102188,1.57118129,698.24347617,518.85235236,3.82804857,1.69882061,102.40307243
2021-06-13,7.74179513,115.18002255,491.96774999,1823.94212516,1351.90905317,10.1499055,240.59376163,1.95583,87.14979416,130.73859202,0.85741195,4275.04233655,749.20800034,215.10835751,52.76642469,18.44118374,11916.83142229,2.48008697,142.55194213,12358.80168924,7.00937625,873.50393696,1.0,10.07761427,13.78640785,2805.48094988,24.49420303,8129.58640153,16.61328706,69.14052707,302.38244494,0.85741195,21.39813019,2.05561386,1.60501319,0.85782751,1.95583,10.69464075,348.21639848,53.0711359,4.4434013,786.66220565,162.37785632,188.58019343,0.85741195,9.39053764,61.93909467,4.53716947,27760.19975052,10.58672875,8.20263735,10.10264496,50847.12670834,,252.74530371,179.65698292,12824.91189669,3447.80474962,4.49728337,16.61328706,4.22682136,0.99213191,95.46784048,2.99989907,110.27,25.4065391,499.65978397,0.45492686,2.16546931,61.22254662,11430.0552578,123.00808106,4.97847413,9.33783949,42.24237042,8.34280915,27.41863181,18.14867786,4422.51271756,7.43622021,17212.44351623,0.46521111,1.20991186,2396.48314523,2.68864709,3.06980178,32.7030031,43.86129159,88.67927971,102.5337433,4.40407916,9.67539787,18.61507778,2.43801773,1521.90170767,131.51939871,132.81930758,516.37606837,3765844.64583709,1.60501319,626.08832634,12.80401798,4565.68771819,49.24922271,29.06866394,1.20991186,88.67927971,9.67225377,29.14657714,57.87234004,1.20991186,1765.63899367,33.50270446,37.65803725,966.44815692,24.04929046,4.91584014,4.69917945,655.95699999,3.93663855,1.08754725,0.84068538,0.3637857,117.57338906,1.20991186,655.95699999,0.00064789,4949.74978231,2400.73418882,0.04341479,5.39278941,3.26966618,147.20315505,119.33174224,4.24529512,0.85741195,18.93748868,16.61328706,207.24585118,3.29320563,1088.93271582,75.30262011,16.61328706,1.47055914,1991.88996215,1.20991186,6.19245491,1218.18499491,25.52006658,1.57119064,697.59284983,518.42583145,3.84727806,1.69428489,102.31868402
2021-06-14,7.76360859,115.46267229,491.96774997,1827.26217168,1355.5144187,10.26956356,240.0336846,1.95583,87.27581221,130.67702927,0.85897953,4273.7850636,750.40091262,215.50828584,52.87924901,18.22559118,11877.0279543,2.47705382,142.62728846,12387.1529379,7.03190995,872.00140404,1.0,10.09512495,13.81274469,2810.24763012,24.67765729,8139.85529587,16.71032501,69.16709317,302.88197622,0.85897953,21.48269798,2.05932887,1.60843512,0.85938897,1.95583,10.70807594,350.0325548,52.53346711,4.45148944,788.16359543,162.30575682,188.92147261,0.85897953,9.40846001,61.96651704,4.54542829,27819.49332099,10.60599934,8.22029344,10.08985609,50939.62334214,,253.2126252,179.99708461,12841.302914,3457.42455479,4.52552248,16.71032501,4.23460439,0.99393665,95.65078627,3.01223338,110.26999999,25.42551277,500.56494926,0.45575494,2.16945221,61.31824758,11453.54059644,122.9939924,4.98777634,9.35841055,42.35273274,8.37865652,27.37401611,18.18171315,4428.89977731,7.43656377,17265.25744849,0.46605791,1.21211421,2396.34978232,2.69303426,3.06726574,32.64913035,43.79647089,88.72615145,102.74242762,4.41209572,9.65498764,18.60331457,2.44353792,1524.67196249,131.8057637,133.46097902,517.8551393,3774070.13983708,1.60843512,628.85853725,12.82757419,4574.2996261,49.39604678,29.1276558,1.21211421,88.72615145,9.69071381,29.20136245,58.12641753,1.21211421,1768.77112587,33.5396033,37.73232138,967.25101193,24.18598267,4.92234572,4.71400575,655.95699997,3.93632245,1.09047784,0.84200639,0.36478959,117.58836516,1.21211421,655.95699997,0.00065075,4949.79228182,2396.74529502,0.04371241,5.40804918,3.27560418,147.20982142,119.33174224,4.2531658,0.85897953,18.98130713,16.71032501,207.72988065,3.30681668,1090.87828823,75.5792523,16.71032501,1.47220435,1996.37845718,1.21211421,6.1335165,1192.34919576,25.67256811,1.5739305,699.32729023,523.90655968,3.88450778,1.69715006,102.67780953
2021-06-15,7.76426978,115.4137055,491.96775003,1827.74728336,1355.52193264,10.38164596,239.97240701,1.95583,87.52917331,130.58463639,0.86099114,4272.49591244,750.56554373,215.53160652,52.96663325,17.81422404,11878.45459146,2.48239225,142.89134976,12381.50061958,7.03616294,881.64383935,1.0,10.09408124,13.81707815,2812.21530379,24.69943026,8135.93005853,16.68835578,69.12171011,303.10446052,0.86099114,21.49007108,2.05988679,1.60972165,0.85961713,1.95583,10.68760072,351.16785268,52.9654862,4.45267124,788.27921306,162.12272608,190.4690833,0.86099114,9.41034389,62.00741229,4.54663503,27796.86535741,10.60881508,8.2257454,10.07914248,50952.96665205,,253.29114087,180.04609399,12838.84730566,3453.91236322,4.52335438,16.68835578,4.24767968,0.99419881,95.66751579,3.0186524,110.27000001,25.45937398,500.09345711,0.45587594,2.17023735,61.46456073,11459.58126206,123.05150773,4.99472442,9.36427405,42.36389673,8.37816152,27.36077191,18.18654013,4483.8877495,7.43691736,17293.18989502,0.46618165,1.21243601,2400.7608396,2.70270137,3.07611553,32.79072213,43.7411777,88.89041976,102.81667092,4.41326707,9.69556748,18.66123536,2.44420846,1525.07674085,132.07467936,133.49233144,517.27361206,3773683.82613492,1.60972165,625.99294218,12.83125384,4605.7153135,49.44107265,29.13058727,1.21243601,88.89041976,9.69265421,29.22217996,58.38012807,1.21243601,1769.40433785,33.57704343,37.79091532,966.13660611,24.29975436,4.92428177,4.71091588,655.95700004,3.93071802,1.08986112,0.84246167,0.36484863,117.5457856,1.21243601,655.95700004,0.00065271,4945.49391603,2396.24349676,0.04371332,5.41186888,3.27645655,146.80606773,119.33174225,4.25444595,0.86099114,18.99411732,16.68835578,207.90989853,3.31719926,1091.18531834,75.85405329,16.68835578,1.47661377,1996.09314687,1.21243601,6.11699883,1194.36796745,25.67891405,1.57605354,699.89848229,525.81468637,3.830873,1.69862635,102.51429617
2021-06-16,7.70528626,114.38659287,491.96775001,1809.09010014,1355.44109659,10.35064999,238.23389097,1.95583,87.03513314,129.41591688,0.85742632,4241.90705889,742.7263576,213.33999511,52.9330577,20.46170815,11778.20179683,2.46972558,142.07993785,12481.49788105,6.96368787,876.2813978,1.0,10.13803153,13.67300788,2783.94362833,24.5250557,8064.13944182,16.79103705,68.47434407,299.95918898,0.85742632,21.27750542,2.038866,1.60264758,0.85084238,1.95583,10.65606255,352.00125896,52.08145213,4.4072195,780.19621366,160.49313409,188.67830263,0.85742632,9.3166952,61.43427558,4.50022413,27497.82905755,10.50052297,8.14205526,10.15314505,50431.68080853,,250.75472875,180.54005537,12691.17870986,3417.96949064,4.52599746,16.79103705,4.19240355,0.98403585,94.1981741,3.00768417,110.27,25.50044848,494.95039674,0.45122247,2.14806761,60.83703567,11349.3784879,121.78868338,4.95702735,9.27046139,41.92895855,8.2907825,27.37875593,18.00089652,4408.85777027,7.43658221,17227.21702062,0.46142298,1.20005977,2394.44401849,2.68002725,3.05579908,32.55915847,43.40249893,88.38565341,101.77455912,4.36821756,9.5972304,18.47192934,2.41918985,1509.50914218,131.57046475,132.81696562,511.99202304,3752570.62794305,1.60264758,616.47814541,12.79187566,4558.94187268,48.95470054,28.83218295,1.20005977,88.38565341,9.59619606,28.92975474,58.10845466,1.20005977,1751.21703778,33.29076629,37.57518097,956.21888948,24.43690908,4.92383337,4.68599871,655.95700002,3.90551758,1.08995994,0.83734316,0.36114866,117.64419544,1.20005977,655.95700002,0.00065924,4897.08618063,2373.38055737,0.04433589,5.35773413,3.24312892,146.85077303,119.33174225,4.20930351,0.85742632,18.78311646,16.79103705,205.7703174,3.28376734,1079.96860824,75.32155998,16.79103705,1.47281075,1976.11628559,1.20005977,6.06601838,1181.83671108,25.41196623,1.57333075,692.3930268,521.41298661,3.79207239,1.69258019,101.49981664
2021-06-17,7.68418674,113.70170215,491.96775003,1797.59015086,1349.30185272,10.40087851,236.10914755,1.95583,86.29508944,128.54272486,0.85585521,4213.64537534,738.07203112,212.00120602,52.08194891,18.2653015,11738.65567143,2.46644662,142.05187479,12206.98797961,6.91564501,880.57730547,1.0,10.18806039,13.60733482,2765.49774382,24.54452298,8014.85660438,16.77990564,68.05321965,297.90235651,0.85585521,21.14297011,2.02593474,1.59740876,0.84543378,1.95583,10.62953876,355.80298653,51.65454097,4.37920387,775.13209591,159.4759264,187.52514424,0.85585521,9.25816932,60.99687197,4.47161729,27534.89990052,10.43377368,8.08703416,10.17612257,50112.0448339,,249.33842249,179.29164992,12598.06315464,3396.83649351,4.55871222,16.77990564,4.16654927,0.97779177,93.64405834,3.00826814,110.27000001,25.55193353,491.58280891,0.44835416,2.13413621,60.44703207,11265.79892183,122.80191858,4.93999637,9.21433601,41.66407267,8.23732637,26.9331469,17.88646916,4445.86208903,7.43650023,17155.06190195,0.45848983,1.19243128,2380.92010533,2.67126028,3.05403526,32.48492311,43.15010063,88.36819582,101.1298465,4.34044985,9.53558453,18.37228585,2.40343596,1499.91355677,131.21924128,131.38060056,510.05959828,3687276.02060548,1.59740876,611.65982112,12.71368187,4530.24277495,48.71706923,28.64190028,1.19243128,88.36819582,9.5359144,28.75342815,57.65278344,1.19243128,1740.21883993,33.18353805,37.3839747,950.41944029,24.37562563,4.92484828,4.67141452,655.95700003,3.89569348,1.09338475,0.83451183,0.35928077,117.45857375,1.19243128,655.95700003,0.00066893,4859.37140434,2359.38455843,0.04558672,5.32681022,3.22237638,146.80703961,119.33174225,4.1838158,0.85585521,18.67677341,16.77990564,204.34532393,3.28313867,1073.18887636,74.88689552,16.77990564,1.47273543,1963.15829055,1.19243128,5.97236026,1176.72358478,25.24140936,1.57816386,688.55536554,520.22929631,3.77377806,1.70218913,100.92720276
2021-06-18,7.65529836,113.14457449,491.96775,1788.34644124,1346.72568981,10.36928598,235.81305114,1.95583,86.24550801,127.87547537,0.85939315,4190.00944888,733.96754501,211.16084024,51.94724913,17.88072856,11652.6225853,2.45159491,141.38803117,12108.94301042,6.88044891,888.06005936,1.0,10.21314748,13.43225252,2750.45365758,24.38850243,7978.85750869,17.04561917,67.7261851,296.62339233,0.85939315,21.1047476,2.01669723,1.59511693,0.84108632,1.95583,10.58263332,355.85367712,51.36568896,4.35668478,761.67039343,159.33793378,186.00079803,0.85939315,9.2085944,60.69506405,4.44862299,27285.39725708,10.38012031,8.04905118,10.28743011,49854.61485743,,249.69333328,176.16996394,12552.11299646,3381.93953727,4.55245029,17.04561917,4.15622197,0.97277241,93.20700935,2.98359187,110.27,25.57874312,486.38267286,0.4460486,2.12052056,60.13971274,11214.59277574,122.7193416,4.91009535,9.16634192,41.44342617,8.19589853,26.79164743,17.79449195,4460.727997,7.43559182,17182.60418593,0.45613214,1.18629946,2359.22283815,2.66286771,3.0613899,32.44238878,42.90288643,87.95522934,100.60272483,4.31813005,9.50556678,18.2662868,2.39127621,1492.20058317,129.6374655,130.77904378,507.8527817,3676807.04233642,1.59511693,609.47398848,12.92241424,4509.2788555,48.49057313,28.49231331,1.18629946,87.95522934,9.48485223,28.60621942,57.55239284,1.18629946,1731.32011578,32.97390762,37.32570325,944.63588279,24.52551632,4.92692899,4.65234211,655.957,3.88910643,1.09393469,0.83033666,0.35751257,117.53747003,1.18629946,655.957,0.00067239,4836.89951794,2348.87855574,0.04595299,5.29704888,3.20599578,146.60026998,119.33174224,4.1624798,0.85939315,18.56178193,17.04561917,202.74514695,3.28484795,1067.6694604,74.61883832,17.04561917,1.47902075,1953.24577321,1.18629946,6.03832017,1174.0834517,16.80109232,1.58591693,684.26160007,517.55451373,3.74723535,1.71112271,100.32805948
2021-06-19,7.65622291,113.18815744,491.96775,1788.58380699,1346.6074383,10.36754748,235.17548881,1.95583,86.266854,127.95987046,0.85944404,4191.72937995,734.56259482,211.18895702,51.99489805,19.91734205,11639.33265387,2.45191714,141.36907466,12110.56966198,6.84821902,888.16355144,1.0,10.21475802,13.43403537,2749.62044833,24.5628949,8021.24128688,17.03510269,67.65182911,293.07646863,0.85944404,21.10135196,2.01696491,1.59551223,0.84119796,1.95583,10.58138061,355.90339063,51.37246715,4.35726304,761.60672597,159.89565473,185.88103513,0.85944404,9.20987192,60.73867083,4.44921345,27335.52725396,10.38149805,8.04601444,10.28877914,49861.18837345,,249.72650526,177.92757963,12553.81054029,3382.40051793,4.55291109,17.03510269,4.15677362,0.97289901,93.21833152,2.98393945,110.27,25.58176639,487.04192068,0.4461078,2.12079258,60.12020286,11203.52458014,122.31652041,4.91108564,9.18946609,41.44885249,8.18079694,26.90261075,17.7968538,4471.70383531,7.43654637,17112.08483402,0.45619269,1.18645692,2359.60122085,2.66322133,3.06179758,32.38375682,43.04403229,87.9434368,100.6652864,4.31870319,9.50682844,18.56544459,2.39094955,1492.39864172,129.65462824,130.80031788,507.48770587,3685839.00897786,1.59551223,609.52239805,12.82711359,4509.93207687,48.93843943,28.43351723,1.18645692,87.9434368,9.48616807,29.65658033,57.56979447,1.18645692,1731.49142156,33.02057638,37.37950897,953.6135085,24.52944856,4.92681085,4.68875526,655.957,3.88911853,1.09482038,0.83042898,0.35818497,114.91774546,1.18645692,655.957,0.00067248,4826.60120653,2335.47130634,0.04597526,5.31622359,3.20355831,146.1638819,119.33174224,4.16303924,0.85944404,18.54731342,17.03510269,202.77198973,3.30357021,1067.81122784,74.6287297,17.03510269,1.47955436,1954.35391859,1.18645692,6.0385552,1168.78089649,24.70117748,1.58626081,684.34376105,517.62325926,3.74766911,1.71109364,100.34137594
2021-06-20,7.66523412,113.16196682,491.96775002,1787.21664221,1347.99997004,10.39054927,236.47871093,1.95583,86.32773606,127.80901046,0.85934261,4188.15146698,733.72695733,210.82628997,51.92935277,18.4438234,11650.96109374,2.45004591,141.50283311,12149.20138366,6.8700581,887.44523615,1.0,10.21776265,13.53187243,2748.38349377,24.4953029,7996.99293634,17.06064752,67.67156981,295.81849692,0.85934261,21.03143791,2.01423054,1.59649581,0.84055496,1.95583,10.55818374,355.76259839,51.71617323,4.35393242,770.80017447,159.33117909,186.76974268,0.85934261,9.20477996,60.65678058,4.44581254,27164.61879343,10.3735626,8.0426979,10.28299373,49820.14770213,,248.22696992,178.32841172,12514.28809629,3378.17804968,4.55222456,17.06064752,4.15358773,0.97213827,93.30867069,2.98684841,110.27,25.58765802,487.08711444,0.4457668,2.12126707,60.09574978,11215.54101233,122.53027519,4.91968163,9.16664767,41.43486353,8.1861874,26.87073043,17.78325017,4467.08651615,7.43621401,17116.33398601,0.45584398,1.18555001,2350.90827856,2.66641667,3.04815597,32.36225972,42.98154657,88.02664579,100.55182244,4.31540204,9.4428074,18.29772786,2.39032173,1491.25787614,130.87336655,130.26333718,507.94008469,3685003.6215356,1.59649581,607.6480476,12.8173211,4508.9856532,48.58010957,28.46122049,1.18555001,88.02664579,9.48092336,28.79544819,57.690277,1.18555001,1730.03968012,33.11898359,37.40781482,946.58655675,24.51929131,4.92995856,4.68588688,655.95700002,3.8896738,1.094042,0.83157965,0.35746642,117.46337564,1.18555001,655.95700002,0.00066908,4840.08024269,2347.27282216,0.04583412,5.29761866,3.20345332,146.40367434,119.33174225,4.15976761,0.85934261,18.55623624,17.06064752,202.99073134,3.27728468,1066.90415956,74.71362487,17.06064752,1.47794697,1952.93223286,1.18555001,6.04152941,1188.09105243,25.29931153,1.58194827,684.17735228,517.18108926,3.75202602,1.70496724,100.26497017
2021-06-21,7.6995006,113.52793981,491.96775001,1796.04935323,1349.5928005,10.47467268,236.83395002,1.95583,87.09287185,128.34781182,0.85593387,4212.87168248,737.25716714,211.8700951,52.15906551,17.63715052,11664.80899842,2.4656598,142.01556848,12191.74856049,6.92579787,890.68325755,1.0,10.17327761,13.59572225,2762.4451756,24.5202064,8042.05067242,16.969938,67.88537482,297.23718891,0.85593387,21.16107498,2.0241839,1.60151015,0.84470912,1.95583,10.61797967,353.40816937,52.05778875,4.37545025,774.61558247,159.70784159,187.53412527,0.85593387,9.25096628,60.99182653,4.46778446,27499.91061556,10.42483041,8.08408265,10.22869713,50068.34885857,,249.29079663,179.22845993,12622.85521276,3397.87983887,4.52883857,16.969938,4.1740872,0.97697812,93.44861388,3.0202077,110.27,25.52311514,489.50016876,0.44796986,2.13176971,61.20429646,11274.59901009,122.71266058,4.94106468,9.21114992,41.61701964,8.22972629,26.91936559,17.87113784,4480.17166455,7.43641483,17185.7616684,0.45809683,1.19140919,2362.5402387,2.66180805,3.03782973,32.49473261,43.04624371,88.34561025,101.03629961,4.33672945,9.56488441,18.33836203,2.40096508,1498.62791151,131.3206698,131.5369911,508.61502407,3745058.28680982,1.60151015,614.61383016,12.91680873,4530.9869345,48.93978017,28.57972131,1.19140919,88.34561025,9.52849526,28.93427715,58.04712659,1.19140919,1738.67839245,33.28212768,37.68978612,950.1497267,24.45647149,4.92885033,4.70878198,655.95700001,3.89496927,1.09491558,0.83441282,0.35916708,117.57472074,1.19140919,655.95700001,0.00066629,4854.73712138,2352.13374827,0.0458503,5.34004446,3.21932835,146.60535382,119.33174225,4.18036599,0.85593387,18.65023404,16.969938,203.95790394,3.29662153,1072.22176304,75.14274063,16.969938,1.47405001,1961.44979595,1.19140919,5.97506807,1190.09959766,25.28945917,1.58540519,687.52595955,521.93413378,3.75538893,1.70759962,100.69616244
2021-06-22,7.72863758,113.7806037,491.96775,1797.63212719,1355.03506416,10.32654022,236.26217895,1.95583,87.03451468,128.13171157,0.85577413,4223.3504832,737.38685629,211.98874224,52.09471657,17.81945022,11661.68645258,2.46391013,142.48410522,12200.35263765,6.93878333,884.0728576,1.0,10.12257321,13.56806798,2765.60088694,24.49027891,8044.04785794,17.03082798,67.69598416,298.11249493,0.85577413,21.14496627,2.02597521,1.60529589,0.84545352,1.95583,10.62536535,350.33862207,52.02478332,4.37930613,775.37264108,159.89789076,188.26052611,0.85577413,9.2602742,60.99784483,4.47172171,27595.32986053,10.43401732,8.09192301,10.20379551,50113.47606505,,249.01914025,179.83730261,12605.52373908,3405.91976774,4.51575232,17.03082798,4.17766836,0.977808,94.01413265,3.02399509,110.27,25.48568648,490.07443249,0.44836463,2.13448183,61.53673407,11296.34124413,122.43861177,4.96602473,9.21338072,41.65536244,8.22297407,26.84777142,17.88688684,4509.29770334,7.43595233,17228.2800764,0.45850053,1.19245912,2363.46560514,2.67003482,3.04598845,32.63028792,42.99537281,88.63707945,101.06880506,4.34055121,9.53591878,18.30761298,2.40302236,1499.94858192,131.36439421,132.04689222,508.7560075,3755102.60416916,1.60529589,613.89576522,12.94494176,4531.77090219,48.80011762,28.60699112,1.19245912,88.63707945,9.53808243,28.95674365,58.23294514,1.19245912,1740.15825363,33.39291235,37.90028347,944.94143482,24.29011952,4.92581092,4.74581741,655.957,3.88419803,1.09634324,0.83528394,0.3594089,117.53610278,1.19245912,655.957,0.00066911,4843.04507691,2352.98410557,0.04594982,5.34769448,3.22212635,146.39728067,119.33174224,4.18414889,0.85577413,18.69716862,17.03082798,204.35041474,3.27555618,1073.13674277,75.26379187,17.03082798,1.46931774,1963.10445329,1.19245912,5.91346869,1194.89155241,25.322739,1.57979091,688.11590944,522.42663223,3.76216511,1.70141259,100.84073498
2021-06-23,7.72780988,113.83332599,491.96775,1797.59884323,1354.6848309,10.33380248,237.99834603,1.95583,86.47107489,128.67862185,0.85419087,4249.32401206,737.65203915,211.98116805,52.19941577,18.77260622,11773.08406626,2.46288954,142.24765904,12195.772813,6.95071425,877.93060638,1.0,10.11009715,13.59226304,2765.59124527,24.51770837,8044.04548892,16.96770883,67.9358447,298.02727808,0.85419087,21.14639728,2.02593553,1.60518543,0.84543786,1.95583,10.6201176,350.30585525,52.02463647,4.37922504,777.30220044,159.73835596,188.30972054,0.85419087,9.25864815,60.97252463,4.47163891,27603.90451628,10.43382413,8.09956714,10.18028456,50112.54660858,,248.89071893,178.95531475,12606.15951365,3400.63418065,4.53022613,16.96770883,4.17804881,0.97780244,94.43373667,3.0244802,110.27,25.38202006,490.05468054,0.44835633,2.13437653,61.57102888,11302.72046676,122.43231127,4.96599375,9.21834785,41.65634124,8.22405805,26.97920405,17.88655565,4513.1935213,7.43623298,17235.38286035,0.45849204,1.19243704,2360.01687812,2.66951787,3.04495152,32.50706994,43.13072193,88.48999007,101.06553305,4.34047084,9.53791264,18.30995762,2.4029662,1499.9208097,131.12079906,132.35360852,509.69257592,3811261.15875096,1.60518543,611.1506326,12.95802599,4513.28625038,48.80802618,28.58069347,1.19243704,88.48999007,9.5364076,28.973092,58.26925567,1.19243704,1740.274836,33.47012264,38.04025228,945.10336785,24.07312442,4.92486443,4.74589516,655.95700001,3.8791841,1.09628664,0.83512345,0.35941673,117.31374129,1.19243704,655.95700001,0.00067132,4867.35164347,2362.9575635,0.04607279,5.34555348,3.22216536,146.40478062,119.33174224,4.18391789,0.85419087,18.67490362,16.96770883,204.33921028,3.2756307,1073.18463425,75.44568187,16.96770883,1.4672977,1962.95454947,1.19243704,5.92322631,1187.40564925,25.32634881,1.57408426,688.44697891,522.43971736,3.7500998,1.69062766,100.94105257
2021-06-24,7.72051393,114.01280228,491.96775002,1800.10601432,1348.27968259,10.39560888,238.21062936,1.95583,86.36967774,128.74448054,0.85703607,4250.08015417,739.64084866,212.29021292,52.11079577,17.64137416,11759.33502298,2.46220935,142.34040127,12246.03973981,6.97176979,876.48469033,1.0,10.11600651,13.6011072,2769.54954697,24.52328358,8085.53802401,16.9354545,68.09665713,298.60753903,0.85703607,21.45581014,2.02878325,1.60320512,0.84661702,1.95583,10.62745413,351.50197612,52.35232786,4.38533289,777.21166113,160.04856014,188.42168637,0.85703607,9.26885909,61.04535155,4.47787566,27584.08884446,10.44837653,8.11639171,10.13531339,50182.44022951,,249.29927592,179.10776341,12622.27110448,3414.03415963,4.5197995,16.9354545,4.18329872,0.97911399,94.34077376,3.02664096,110.27,25.44586622,490.72842434,0.44898167,2.13731712,61.6535961,11302.89371321,122.71498631,4.96760855,9.23454583,41.72941772,8.23590015,27.00474144,17.91150263,4496.97374648,7.43679448,17245.60492675,0.45913152,1.19410018,2370.5182889,2.67481108,3.0643002,32.87118605,43.21630281,88.54768353,101.21763946,4.34652464,9.55150462,18.38630448,2.40649268,1502.0127993,131.27407612,132.38162403,510.14232254,3813170.18019587,1.60320512,610.49125044,12.98557133,4517.247165,48.94460404,28.60572058,1.19410018,88.54768353,9.54692486,29.0151957,58.01290304,1.19410018,1742.70206882,33.36822251,37.98322041,954.85071449,23.72887358,4.92450123,4.75883359,655.95700002,3.87122576,1.09565737,0.8357956,0.35982043,117.60534448,1.19410018,655.95700002,0.0006717,4872.37015579,2364.55191022,0.04582887,5.37647697,3.22637963,146.50261691,119.33174225,4.18962254,0.85703607,18.7086934,16.9354545,204.60011339,3.29642401,1074.6098055,75.94498338,16.9354545,1.47025643,1965.64137632,1.19410018,5.86790332,1200.66369978,24.82701015,1.57295518,689.64767613,529.91211728,3.74980642,1.68879743,101.09561516
2021-06-25,7.70521708,113.96910768,491.96774998,1799.26702352,1345.53438105,10.45676514,237.51324639,1.95583,86.17333382,128.65955493,0.85983347,4243.46954321,739.56074919,212.45025871,51.8536151,17.92518429,11714.3347169,2.46126024,142.32431664,12183.80667248,6.95754409,875.05107235,1.0,10.13343204,13.51224536,2766.83884003,24.72812212,8092.10090178,16.88878733,68.09015146,298.19677216,0.85983347,21.4714894,2.02901223,1.60243554,0.84622243,1.95583,10.6099232,351.11308895,52.07341476,4.38328898,773.44531784,160.13870083,188.06359718,0.85983347,9.26376493,61.09389739,4.47578862,27495.34952367,10.44350677,8.11201231,10.13014212,50159.11908736,,250.9649881,178.75362354,12609.86609186,3402.15340614,4.51578986,16.88878733,4.18914908,0.97871162,93.69339772,3.007739,110.27,25.47089322,490.81081969,0.44877241,2.13346242,61.62413775,11290.70577583,122.4393583,4.96000615,9.23642726,41.67721354,8.23067134,27.00008622,17.90315446,4470.96985583,7.43598485,17249.47514701,0.45891753,1.19354363,2370.32216511,2.67367616,3.08171947,32.71393837,43.18629054,88.53767754,101.20132958,4.34449882,9.5444583,18.41095821,2.40481363,1501.31274336,130.04569589,132.22727178,509.48996859,3809339.59520618,1.60243554,596.172287,12.97110771,4518.68889672,48.96238988,28.56025928,1.19354363,88.53767754,9.54167788,28.97606004,57.94767696,1.19354363,1741.98065496,33.29900196,37.96475845,958.58015539,23.65850795,4.92821893,4.74969847,655.95699998,3.87995453,1.09473949,0.83527279,0.35978685,117.58259249,1.19354363,655.95699998,0.00067004,4869.29439352,2364.69289721,0.04566403,5.3727181,3.22526712,147.22292005,119.33174224,4.18789109,0.85983347,18.6953584,16.88878733,204.09500438,3.29315249,1074.18869677,75.37316754,16.88878733,1.46738726,1964.83237512,1.19354363,5.88921844,1174.66556664,25.2620627,1.57308785,690.43591494,529.66628129,3.75600296,1.68781933,101.04584285
2021-06-26,7.7044868,113.88556032,491.96775,1799.30347018,1345.60532999,10.44955127,237.55142164,1.95583,86.21645049,128.67074155,0.85977252,4243.81366728,740.90828285,212.45449359,51.88725783,17.90182673,11709.69842717,2.46130959,142.34918772,12183.35671704,6.92472931,875.07940705,1.0,10.13786763,13.51251907,2766.09105703,24.50937089,8114.88570993,16.87858042,67.96266292,294.63227446,0.85977252,21.42931535,2.0290614,1.60231659,0.84623958,1.95583,10.68741824,351.18176482,52.07446807,4.38337777,773.46669072,160.64188234,187.96713123,0.85977252,9.26409438,61.05172162,4.47587928,27529.52596615,10.44371832,8.11948173,10.13580994,50160.20420672,,250.96779869,178.25358987,12610.00956671,3401.83716463,4.5144675,16.87858042,4.18942299,0.97873293,93.69451732,3.01809103,110.27,25.46858523,489.96692462,0.4487815,2.1335035,61.61197372,11273.29174922,122.45500058,4.96088288,9.2518091,41.67808186,8.22973862,27.02246828,17.90351712,4467.75656554,7.43614851,17248.83794818,0.45892682,1.19356781,2370.42566619,2.67372777,3.08178357,32.8887948,43.22115228,88.55314944,101.30423321,4.34458682,9.54465163,18.70320324,2.405274,1501.34315454,130.04806805,132.24035165,509.4002004,3791492.54113744,1.60231659,596.04396889,12.98010786,4553.96154875,49.2944525,28.52296188,1.19356781,88.55314944,9.54201721,29.83919536,57.96746067,1.19356781,1742.10851511,33.34332204,37.9542238,961.89297461,23.6553751,4.92893588,4.7431822,655.957,3.87969541,1.0948545,0.83528778,0.36009578,117.66742209,1.19356781,655.957,0.00067006,4870.22881587,2350.00437517,0.04569729,5.36413228,3.22263314,146.91793061,119.33174224,4.18798123,0.85977252,18.68183412,16.87858042,204.09898911,3.29367813,1074.21102496,75.37482517,16.87858042,1.46767466,1966.16856222,1.19356781,5.88890093,1176.03899858,24.80234453,1.57203618,698.34877686,529.67674862,3.75615794,1.68813708,101.04788967
2021-06-27,7.70600217,114.02937946,491.96775,1797.24880651,1347.98794422,10.43644892,237.69014177,1.95583,86.09198201,128.50008797,0.85884642,4243.55536948,739.42846179,211.99932006,51.86419835,17.62001742,11708.95275922,2.45349589,142.24692579,12190.41543309,6.94331042,874.08752952,1.0,10.1373873,13.6093366,2764.18674671,24.51259305,8082.10502439,16.8957039,67.95765634,297.6478377,0.85884642,21.4957816,2.02552951,1.60239145,0.84527324,1.95583,10.61836339,351.28385587,52.28998103,4.3783723,780.58360162,159.96444043,188.29575834,0.85884642,9.25353823,61.03394441,4.47076818,27562.19361443,10.43179241,8.10023339,10.14330862,50102.50679716,,249.51876121,178.80122736,12607.03030238,3405.30113703,4.5114693,16.8957039,4.16496323,0.9776057,94.25428798,3.00533382,110.27,25.48042176,489.86445789,0.44826902,2.13356538,61.42642823,11309.85733233,122.44325548,4.94916211,9.23895675,41.6744517,8.23292622,26.99891585,17.8830727,4464.17722338,7.43616532,17235.14616839,0.45840276,1.19220485,2361.81019611,2.66830637,3.04987328,32.64352605,43.14303751,88.48953393,101.11980201,4.33962564,9.53381748,18.39979997,2.40398358,1499.62873822,130.7115715,131.95793349,508.45808021,3809300.40356641,1.60239145,604.63136278,12.91326876,4515.39720602,48.93099557,28.51448761,1.19220485,88.48953393,9.53114437,29.02627124,57.94353963,1.19220485,1739.72502254,33.26595128,38.0385961,957.68227925,23.65148349,4.92900573,4.75490726,655.957,3.87713856,1.09519575,0.83496189,0.35935764,117.46982957,1.19220485,655.957,0.00066989,4861.90258566,2359.25436484,0.04562303,5.36948273,3.22111542,147.30258074,119.33174224,4.18316102,0.85884642,18.70539437,16.8957039,204.19629377,3.2894112,1072.95934954,75.40200984,16.8957039,1.46767301,1964.12769024,1.19220485,5.88327772,1194.44197632,24.83260733,1.57191005,688.05694923,529.06516105,3.74384248,1.68641106,100.93318006
2021-06-28,7.69689495,113.79636256,491.96774997,1795.88360512,1347.03289695,10.35524632,237.17545389,1.95583,86.16757101,128.41640642,0.85915649,4235.50941976,738.43463845,211.81736343,51.81376483,17.15994472,11683.00493497,2.4596409,142.18182973,12205.32425372,6.96032373,875.68422082,1.0,10.15225212,13.57466859,2762.89680878,24.53772061,8076.05334937,17.00277016,67.95933384,298.04649252,0.85915649,21.49631368,2.02399134,1.60051987,0.84463116,1.95583,10.60648966,350.49613915,51.9859071,4.37504646,775.87462804,160.00716877,188.07851724,0.85915649,9.24735282,60.90292889,4.46737215,27534.03718631,10.42386835,8.09095597,10.17977991,50063.89782101,,249.16458124,178.6211733,12630.83403701,3394.79452594,4.50198274,17.00277016,4.16180985,0.97686809,94.43916933,3.00094033,110.26999999,25.42657059,489.53199836,0.44792851,2.13201978,61.35978258,11305.63902099,122.69893343,4.94649156,9.23209345,41.69278003,8.23081403,26.99965825,17.86948861,4411.52523703,7.43636723,17260.4115668,0.45805456,1.19129924,2381.44467798,2.66390737,3.03517748,32.55819556,43.09404181,88.44903871,101.04469892,4.33632924,9.52662348,18.27455591,2.40232305,1498.48961089,130.92657416,131.66309112,508.57488319,3811830.19494817,1.60051987,604.18357298,12.90809551,4520.08884835,50.66223447,28.49420974,1.19129924,88.44903871,9.52477341,28.94436572,57.82174249,1.19129924,1738.58243175,33.2888867,38.16553643,953.68310371,23.62543637,4.92743954,4.62901399,655.95699997,3.88365707,1.09630042,0.83455796,0.35880145,117.60390657,1.19129924,655.95699997,0.00067076,4858.90155938,2359.44034972,0.0457662,5.36785663,3.21904885,147.275984,119.33174224,4.18000037,0.85915649,18.66469948,17.00277016,204.10332434,3.28903168,1072.09251325,75.36447957,17.00277016,1.47084889,1962.74003184,1.19129924,5.87014136,1199.02808455,24.99761219,1.57734078,687.43260313,534.57200284,3.74639562,1.69491766,100.84023136
2021-06-29,7.68383145,113.74258587,491.96775,1793.68234324,1344.63252361,10.39974523,237.43855626,1.95583,86.60465813,128.33488938,0.85945349,4232.69847001,737.57814572,211.59712282,51.76291307,17.79026792,11677.15693082,2.46605308,142.01645318,12179.73798085,6.95263152,865.89601251,1.0,10.15168953,13.55973242,2758.97463595,24.63347141,8059.16595784,17.05251295,67.90183955,297.08598401,0.85945349,21.37729588,2.02150181,1.6006455,0.84359587,1.95583,10.60259087,351.71220216,51.94730208,4.36968385,775.71540997,159.80424471,188.38030514,0.85945349,9.23869996,60.82859313,4.46189638,27395.9920919,10.41109154,8.08518051,10.18740707,50003.175225,,249.00098861,178.42582084,12636.12503426,3395.05102456,4.519625,17.05251295,4.15673808,0.97567398,94.50314992,3.01637384,110.27,25.50473018,488.88105058,0.44737948,2.12897328,61.50971712,11299.74635528,122.53577054,4.94253878,9.22113927,41.93753069,8.22190009,26.97567064,17.8475855,4482.42644692,7.43613846,17293.02915168,0.45749311,1.18983903,2373.79605405,2.6700765,3.04558986,32.49097366,43.07782815,88.34616061,100.92869183,4.33101408,9.5149167,18.29317083,2.39888494,1496.65287266,131.02816952,131.48308216,510.31108498,3806187.93638272,1.6006455,588.7566764,12.88765334,4506.79198614,50.6596552,28.45330534,1.18983903,88.34616061,9.51586096,28.90750664,57.98154879,1.18983903,1736.40192937,33.21869124,38.17091046,956.37683333,23.55598613,4.92741803,4.62320796,655.957,3.87458208,1.09638762,0.83376455,0.35850676,117.60685948,1.18983903,655.957,0.00067546,4852.61528938,2357.60236276,0.0461057,5.35883449,3.21511184,147.10696732,119.33174224,4.17487413,0.85945349,18.62962416,17.05251295,203.79073073,3.28134776,1070.79094995,75.28725405,17.05251295,1.47549249,1959.81621893,1.18983903,5.89706807,1172.07479863,24.84573589,1.58266874,686.69492264,536.69130907,3.75749609,1.70101137,100.7369301
2021-06-30,7.66220753,113.41363668,491.96774998,1786.45702586,1342.162146,10.32236772,236.50554865,1.95583,86.76792595,127.85869057,0.85775474,4219.18959211,734.68032061,210.6637921,51.52993717,17.2525817,11643.83898256,2.45814656,141.76665552,12178.01870536,6.968513,867.82654035,1.0,10.13925608,13.52545224,2747.89187475,24.65276015,8042.97672499,16.93126248,67.6793074,296.47887383,0.85775474,21.32211868,2.01336733,1.59540514,0.8401977,1.95583,10.5863676,351.42966301,51.78516435,4.35208188,775.36977598,159.16944404,187.30069707,0.85775474,9.20189807,60.58392001,4.44392295,27284.81887404,10.36915355,8.04935983,10.21524299,49800.72626123,,247.6242085,177.82559306,12560.13825509,3383.01769867,4.52204684,16.93126248,4.14002664,0.97175005,94.32241336,3.00638776,110.27,25.50213857,487.66655617,0.44557734,2.12123224,61.35434153,11241.95265385,121.92526794,4.92350099,9.18338578,41.709991,8.18839149,26.85555967,17.7756918,4443.88658707,7.43623832,17218.33927635,0.45565023,1.18504612,2353.50434878,2.6546631,3.01926807,32.328064,42.90468333,88.19076548,100.51706208,4.31356788,9.4765815,18.15499766,2.38966813,1490.62405042,131.11977517,131.62882761,507.11681397,3802706.76268514,1.59540514,586.13722047,12.83576915,4490.42224453,50.92075891,28.34360052,1.18504612,88.19076548,9.47795502,28.7901459,58.09471462,1.18504612,1729.41163567,33.0647987,37.94105971,954.74323487,23.6454618,4.92379192,4.55929538,655.95699997,3.86500289,1.09692242,0.8322534,0.35657647,117.61640404,1.18504612,655.95699997,0.00066787,4841.02241616,2353.59844085,0.04522928,5.33940259,3.20216794,146.70640295,119.33174224,4.15803911,0.85775474,18.59575352,16.93126248,203.10731628,3.26917673,1066.53554109,75.27870548,16.93126248,1.46977574,1952.02504893,1.18504612,5.89447424,1167.59081644,24.72541025,1.58251191,683.9679274,534.5088187,3.74115894,1.69589233,100.37519158
2021-07-01,7.66988013,113.41641173,491.96775002,1785.34728032,1343.63820174,10.28411219,236.27860927,1.95583,86.81112439,127.90442077,0.86012695,4217.18966683,734.16400957,210.53621793,51.62807501,17.51444274,11654.57801256,2.46363692,142.11459837,12189.73792726,6.95486476,877.03700378,1.0,10.16682005,13.49302721,2747.05449619,24.67475319,8026.82642419,17.14967539,67.63676014,296.35731483,0.86012695,21.3094961,2.01217309,1.59845576,0.83967577,1.95583,10.5848796,351.07572093,51.75312829,4.34937837,767.46817457,159.38814529,187.2096632,0.86012695,9.19885386,60.53575355,4.44116239,27315.93634462,10.36271224,8.04446397,10.21736835,49770.95840319,,247.44363875,177.7149477,12561.7276441,3378.00940455,4.51550193,17.14967539,4.14927877,0.97115477,94.14709996,3.00791697,110.27,25.52432242,486.76281678,0.44530055,2.11991127,61.3917398,11204.80351861,122.39053596,4.93111637,9.17743649,41.68415674,8.18328744,26.83179927,17.76464956,4486.56235314,7.43608976,17243.03605875,0.45536718,1.18430997,2345.72661979,2.66192556,3.03826644,32.40541604,42.84257536,88.40721516,100.44437778,4.31088829,9.39932411,18.23847798,2.38794739,1489.69807607,131.31179529,132.14917276,505.67529063,3801358.93618256,1.59845576,585.72010136,12.82811959,4489.05589156,50.47668852,28.32118039,1.18430997,88.40721516,9.47481948,28.77005952,58.22312477,1.18430997,1728.37126928,33.28426363,38.07898666,956.11144961,23.68750561,4.92690585,4.58397995,655.95700003,3.87312981,1.09686496,0.83251956,0.35682986,117.60590602,1.18430997,655.95700003,0.00066598,4832.54799246,2351.92106944,0.04543857,5.33611471,3.20018321,147.10805632,119.33174225,4.15546989,0.86012695,18.56429528,17.14967539,202.98797083,3.26713679,1065.85565454,75.23308392,17.14967539,1.47229309,1950.20895424,1.18430997,5.97952968,1166.21753132,24.98957413,1.58668357,683.52584968,534.38435879,3.74237189,1.70060395,100.40441604
2021-07-02,7.68108288,113.67446673,491.96774999,1788.86462847,1341.82199776,10.31212533,236.67584414,1.95583,86.81372991,128.09036328,0.85790403,4222.40588413,735.58795796,211.22142165,51.83676759,17.22103197,11689.34431318,2.46498009,142.08567968,12121.34017789,7.00712408,871.52790179,1.0,10.12888615,13.43971973,2751.32834714,24.91035151,8047.03921712,16.91099966,67.79388956,296.88101166,0.85790403,21.38794598,2.01722756,1.5981393,0.84133003,1.95583,10.59246819,351.80182836,51.87926326,4.35794716,765.75537695,159.39942757,187.1915994,0.85790403,9.21546214,60.68907357,4.44991201,27290.8487205,10.38312803,8.05926362,10.19416362,49869.05810781,,249.76145421,178.06184029,12565.28820122,3382.76335135,4.51057201,16.91099966,4.16470641,0.97305199,94.45363273,3.01425921,110.27,25.57484303,488.3018605,0.44617784,2.1211916,61.62610651,11248.08917156,122.52981207,4.94058671,9.19498967,41.77738893,8.19958414,26.87983338,17.79964804,4477.27330852,7.43673285,17152.31965699,0.45626431,1.1866432,2357.5333579,2.67320467,3.05284412,32.57061661,42.92685194,88.3892253,100.64208206,4.31938126,9.52739811,18.22300913,2.39241577,1492.63295984,130.47432754,131.72666251,506.47009709,3865332.93290223,1.5981393,587.8869674,13.01886466,4494.70240079,51.11664609,28.36958643,1.1866432,88.3892253,9.491926,28.49761536,58.31151714,1.1866432,1731.81882626,33.12276139,38.13831983,957.34382929,23.46105293,4.92871469,4.59426299,655.95699999,3.88202538,1.09280197,0.83333697,0.35749592,117.62005118,1.1866432,655.95699999,0.00066391,4845.40231421,2356.7194633,0.04475281,5.34660624,3.20692887,147.13090274,119.33174224,4.17353069,0.85790403,18.59421222,16.91099966,203.02740965,3.29168447,1067.97258864,75.25695872,16.91099966,1.4627289,1954.15375304,1.1866432,6.00577672,1171.59608988,25.1686629,1.57653249,684.68185645,535.43748545,3.75127109,1.68736376,100.6038575
2021-07-03,7.67775235,113.619832,491.96775,1788.19008021,1343.98983132,10.30652637,236.56951505,1.95583,86.92521254,128.10985154,0.8575863,4224.16497799,736.34903635,211.14245472,51.85700108,18.6011996,11634.16447882,2.46422178,142.28975669,12116.62249555,6.95444911,871.06539528,1.0,10.12988059,13.43465185,2748.92362531,24.5591722,8027.94048308,16.90382518,67.74916879,296.78330777,0.8575863,21.3803323,2.0164669,1.59806468,0.84101278,1.95583,10.62131601,351.67659303,51.89246577,4.35630386,765.18636496,160.02948286,186.91626893,0.8575863,9.21155463,60.67404976,4.44823403,27331.80151154,10.37921274,7.97328337,10.19602643,49850.22298886,,249.67156154,177.18475062,12560.55005997,3381.65490256,4.50981726,16.90382518,4.16353258,0.9726864,94.42058744,3.012328,110.27,25.56964919,486.95218149,0.4460096,2.12032579,61.80287021,11216.34077052,122.76501072,4.93851733,9.18886488,41.78336603,8.19079683,26.94474938,17.79293612,4438.76134954,7.43613596,17222.97646168,0.45609226,1.18619574,2356.96174629,2.67223782,3.05171279,32.61278836,43.03122078,88.51617834,100.64175639,4.3177525,9.52384898,18.26275429,2.39053473,1492.07011515,130.42253103,131.72958547,505.86425072,3844799.49701574,1.59806468,587.73074554,12.94851998,4614.56046243,50.96700789,28.28364428,1.18619574,88.51617834,9.48790127,29.64398108,58.26673916,1.18619574,1731.12463342,33.14685645,38.15390688,958.10156939,23.45400369,4.92851949,4.61654158,655.957,3.88044004,1.09256241,0.83304182,0.35821569,117.51506723,1.18619574,655.957,0.00066362,4823.71531379,2336.4533399,0.04479903,5.34927983,3.2028332,146.97178869,119.33174224,4.17635922,0.8575863,18.56689719,16.90382518,202.95068942,3.29050761,1067.57610926,75.22828872,16.90382518,1.464654,1953.88066631,1.18619574,6.00027243,1169.72606556,24.86784749,1.57569798,693.85642849,535.23557003,3.75046967,1.68751695,100.56592161
2021-07-04,7.66452496,113.30303424,491.96775002,1787.47531753,1339.16622742,10.29876446,235.91558234,1.95583,86.85038143,128.01147938,0.85764451,4208.57290047,733.43650261,210.82587722,51.59149793,17.50500244,11621.34088603,2.46472361,141.98887128,12173.74868722,6.98692028,870.842314,1.0,10.13797638,13.47614243,2749.97540149,24.51217757,8003.65131224,16.89300019,67.3705921,296.3157891,0.85764451,21.37855263,2.01447197,1.59671896,0.84067662,1.95583,10.57653036,351.86656138,51.72241406,4.35456259,772.81124986,159.37811362,187.03470872,0.85764451,9.20925957,60.64055302,4.44645601,27314.42993532,10.37506403,8.03606125,10.21155052,49828.95283525,,247.32280871,179.11393912,12592.43970818,3379.12776619,4.50834691,16.89300019,4.15415843,0.97229049,93.96172095,3.01563949,110.27,25.58967491,487.22296743,0.44583132,2.12195076,61.63313536,11231.29650638,122.53136021,4.92831885,9.16185548,41.28994313,8.1734572,26.81353796,17.78582406,4436.87414748,7.43607426,17172.30596619,0.45590996,1.1857216,2349.88145705,2.66604371,3.03300897,32.49271499,42.77844092,88.32900235,100.33248537,4.31602664,9.41043972,18.29764224,2.38335702,1491.47371545,130.81626017,131.71742176,504.71648942,3861077.96566706,1.59671896,587.26773333,12.94337977,4680.69842214,51.14679569,28.30007299,1.1857216,88.32900235,9.48553735,28.6421019,58.37837583,1.1857216,1730.35698111,33.07807206,38.15687834,955.73405882,23.49171145,4.93077237,4.62615266,655.95700003,3.87663496,1.09337394,0.83266402,0.3573402,117.5810815,1.1857216,655.95700003,0.00066324,4818.65410921,2339.46040142,0.04466188,5.34297439,3.20387051,147.1001502,119.33174225,4.16041498,0.85764451,18.54780406,16.89300019,203.24719516,3.28131754,1067.13689326,75.30276641,16.89300019,1.46329764,1948.2702223,1.1857216,5.99690325,1186.34225525,24.92246042,1.57674921,682.70823043,534.99551022,3.73486883,1.6886972,100.52605119
2021-07-05,7.67365148,113.8395483,491.96775002,1789.96498503,1344.12006127,10.28818708,236.51022702,1.95583,87.19919759,128.15263003,0.85509516,4235.50680662,735.487512,211.15349044,51.9350891,16.94153001,11636.1821605,2.45677861,141.91452229,12167.04663615,6.9979333,874.38604981,1.0,10.14218882,13.50854581,2753.38079823,24.51577448,8054.93032744,16.91030532,67.58433916,296.47994863,0.85509516,21.41370926,2.01750634,1.59651264,0.84184755,1.95583,10.59783899,351.69355073,51.83960961,4.3606278,771.71319716,159.69469545,187.62454757,0.85509516,9.22375108,60.72630032,4.45264922,27320.57339363,10.38951484,8.03456027,10.15621854,49899.3656027,,248.18018003,177.3956922,12576.63335563,3391.04124799,4.49942342,16.91030532,4.1599803,0.97365586,94.27611135,3.01090674,110.27,25.57568785,487.8427107,0.44645229,2.1246618,61.67813406,11251.18093958,122.62880803,4.93400116,9.19018796,41.37636491,8.19147715,26.94631162,17.81059687,4444.16360603,7.4361067,17206.72792652,0.45654497,1.18737312,2352.1826037,2.6608933,3.02971033,32.47732368,42.89322569,88.28275104,100.59641771,4.32203817,9.42354217,18.33298645,2.38880229,1493.55110001,130.92110221,131.60814072,506.60944994,3862996.59452534,1.59651264,587.76049105,12.95797369,4683.47328343,51.26162129,28.33304072,1.18737312,88.28275104,9.50046361,28.71200017,58.71869968,1.18737312,1732.84924486,33.15973757,38.14658892,958.37450007,23.54157875,4.9257558,4.66585582,655.95700003,3.87481751,1.0932396,0.83289577,0.35789664,117.70198144,1.18737312,655.95700003,0.00066091,4827.06515406,2343.42701123,0.04467837,5.35150087,3.20834757,147.13185372,119.33174225,4.16624143,0.85509516,18.61256614,16.91030532,203.48654889,3.27840485,1068.62422203,75.39352892,16.91030532,1.46334483,1951.17183568,1.18737312,6.04575337,1186.28042279,24.82438742,1.56993657,684.02950417,535.74970084,3.73668766,1.67687749,100.67599887
2021-07-06,7.65152454,113.39011735,491.96775001,1782.25654946,1343.17740772,10.26775006,236.21851069,1.95583,87.94542301,127.62511303,0.85673686,4219.84004731,732.24304189,210.19046907,51.72942615,16.57555363,11614.48970713,2.45133286,141.99607177,12143.05802202,7.00366351,884.21969786,1.0,10.15847614,13.47264341,2741.67020102,24.70045351,8025.54285328,16.9775533,67.50776246,295.64010516,0.85673686,21.34783286,2.00863364,1.59291127,0.83822215,1.95583,10.57680426,354.25339161,51.99810848,4.34184887,770.52871923,159.08502038,188.26249814,0.85673686,9.18364585,60.45261206,4.433474,27263.18750259,10.34477268,8.01052542,10.30882772,49685.22457648,,246.89562701,176.88338431,12543.85166149,3363.23834205,4.51320671,16.9775533,4.14206092,0.96945545,94.43582966,3.02469546,110.27,25.6258868,485.84271297,0.44452966,2.11598522,61.49413242,11209.08836259,122.49368455,4.91629257,9.1535594,41.34923144,8.15751252,26.83034028,17.73389601,4467.20801927,7.43544661,17137.34346824,0.45457887,1.18225973,2341.79916579,2.65460181,3.02742647,32.30232004,42.80697664,88.33348166,100.18127064,4.30342543,9.47681346,18.23428119,2.38025301,1487.11916278,130.3880732,130.70689704,505.40975394,3795533.37077771,1.59291127,588.4368392,12.90740699,4661.89769129,50.60779663,28.20212202,1.18225973,88.33348166,9.45915522,28.46059137,58.83999779,1.18225973,1725.33229488,33.22896313,38.16929278,950.45864487,23.6562948,4.92634565,4.67172714,655.95700001,3.87255483,1.0924883,0.83081159,0.35606247,117.59044806,1.18225973,655.95700001,0.00065705,4815.93212431,2342.38385585,0.04518489,5.33076472,3.19493913,146.70717578,119.33174225,4.14818911,0.85673686,18.5457451,16.9775533,202.67916743,3.26851627,1064.03760543,75.08951162,16.9775533,1.47381701,1944.76766131,1.18225973,6.14486336,1169.2292134,24.91177977,1.57782327,681.28547571,532.33040005,3.71450687,1.68479878,100.24102532
2021-07-07,7.63949057,113.13353245,491.96774998,1777.48160112,1349.06466639,10.24418126,235.18760623,1.95583,87.99813255,127.59144862,0.85544802,4208.17729067,730.31129289,209.59939439,51.72973619,16.99204293,11617.01441502,2.44575075,141.80159666,12088.55986873,6.97824776,883.27144032,1.0,10.18054339,13.46120431,2733.76776052,24.50448658,7998.45824739,16.93952908,67.33262553,295.05688367,0.85544802,21.29821011,2.00323626,1.59422184,0.83597642,1.95583,10.57094146,357.14349544,51.92468163,4.33021637,767.8540353,158.77022239,187.65334299,0.85544802,9.15907199,60.29022426,4.42159602,27220.41323156,10.31705739,7.99447013,10.31371453,49550.65301125,,246.20976874,176.38718021,12526.73798353,3364.44946717,4.53492404,16.93952908,4.11915372,0.96685615,93.99411909,3.01681509,110.27,25.788863,484.59512071,0.44333869,2.11055799,61.50905183,11183.26196606,122.40322694,4.91952165,9.13540646,41.27877909,8.13938607,26.77817938,17.68638409,4516.82559637,7.43614132,17148.55666016,0.45336098,1.17909227,2334.43410857,2.64844558,3.01638955,32.12402396,42.72391339,88.21250181,99.96691413,4.29189587,9.45159368,18.16989061,2.37545037,1483.13493437,130.54424126,130.3806898,505.86194998,3783595.94531781,1.59422184,584.46197799,12.89605601,4652.49318008,50.84183752,28.11894489,1.17909227,88.21250181,9.43384415,28.30156181,58.75255185,1.17909227,1720.68530791,33.11261646,38.25748527,945.84693714,23.58548053,4.92692056,4.67028533,655.95699998,3.86081948,1.09121995,0.82954246,0.35509501,117.58137844,1.17909227,655.95699998,0.00065517,4810.01911277,2340.99800733,0.04533697,5.32102688,3.18651478,146.30213757,119.33174224,4.13714681,0.85544802,18.4783583,16.93952908,202.2346511,3.26995803,1061.16009063,74.89933032,16.93952908,1.47537899,1939.9695458,1.17909227,6.17035022,1189.03888823,24.66061084,1.58033575,679.83461358,530.88266871,3.68451386,1.68633631,99.98649403
2021-07-08,7.67612532,113.60243156,491.96774998,1784.25234412,1358.27441439,10.28857372,235.5370471,1.95583,88.36143868,127.7648308,0.85912672,4201.56086544,734.07534871,210.42436724,51.94571039,16.98595427,11620.95696899,2.46535943,142.11483091,12174.69932529,7.01343527,891.76506364,1.0,10.18932965,13.4989123,2745.05482668,24.51188288,8035.90407463,16.97023027,67.48034508,295.9786273,0.85912672,21.37650508,2.01088423,1.60221505,0.8391608,1.95583,10.58050227,357.43137033,52.01081817,4.34671093,770.4559381,159.44722839,188.6404497,0.85912672,9.19437937,60.50883611,4.43843867,27218.38420103,10.35635689,8.02109568,10.42292969,49739.73911362,,247.38938868,177.19690751,12599.69497857,3372.50361694,4.53856128,16.97023027,4.13487834,0.97052176,96.81799033,3.05685881,110.27,25.85103036,486.37650394,0.44502745,2.11837191,61.71798416,11232.76141201,122.36298924,4.95826748,9.17145224,41.33189094,8.17037067,26.82663846,17.75375467,4544.98155143,7.43629257,17213.74413206,0.45508791,1.18358364,2343.22989151,2.6677825,3.04724507,32.33822856,42.79422606,88.40735982,100.39759971,4.30824447,9.48782381,18.24310639,2.38557365,1488.78445866,131.426558,130.1400604,510.00095031,3842189.8737162,1.60221505,588.06130823,12.94903279,4669.5579891,50.54509224,28.19558043,1.18358364,88.40735982,9.47021075,28.52552067,59.19306661,1.18358364,1727.17263083,33.19747994,38.67683951,948.88078258,23.68080878,4.92803902,4.68453082,655.95699998,3.88432206,1.08390669,0.83140604,0.35642315,117.53395022,1.18358364,655.95699998,0.00065592,4818.65712415,2341.67034275,0.04568653,5.34222537,3.19849528,146.29797899,119.33174224,4.15284815,0.85912672,18.57263234,16.97023027,202.99450144,3.28874655,1065.19841146,75.17358532,16.97023027,1.48434465,1948.14674234,1.18358364,6.22460119,1188.72270294,24.91345862,1.59464614,682.7310192,532.91909147,3.71624543,1.70567224,100.36539387
2021-07-09,7.69409679,113.96252376,491.96775,1790.24885926,1359.27014346,10.28338574,236.51056694,1.95583,88.44122582,128.12909635,0.85415946,4210.48326644,736.82064932,211.38555728,52.29315126,16.56281004,11678.83213544,2.47364135,142.20234693,12118.82233477,7.03328474,889.19451096,1.0,10.18426661,13.44794011,2753.19145716,24.54357421,8061.29919893,16.85263225,67.79846612,297.23657906,0.85415946,21.43411689,2.0188436,1.60450701,0.84198106,1.95583,10.58650748,355.56705769,52.04917334,4.36131936,763.78436966,159.90959194,189.35652625,0.85415946,9.22431931,60.68869704,4.45335537,27295.02530068,10.39116253,8.0580657,10.22232348,49907.57356704,,249.44938622,177.65515987,12624.58617336,3385.4596927,4.54695958,16.85263225,4.16827346,0.97380453,97.17863794,3.05201889,110.27,25.74026832,486.89494452,0.4465231,2.12278137,61.89661349,11275.25703854,122.399487,4.97647503,9.20575469,41.76219621,8.19840934,26.91123204,17.81342149,4547.46835192,7.43627126,17210.14086608,0.45661737,1.18756143,2359.56743652,2.67950518,3.08859658,32.43091054,42.91301545,88.46180213,100.74422195,4.32272361,9.5194881,18.28384179,2.39436215,1493.78796535,130.96310909,130.75428335,509.5316077,3853911.1936217,1.60450701,588.7434806,12.93615035,4686.96803766,50.43118443,28.28314877,1.18756143,88.46180213,9.50104889,28.52066796,59.32453774,1.18756143,1733.06014223,33.2427771,38.62043041,950.75948501,23.60764522,4.92740736,4.69515956,655.957,3.89549954,1.08555092,0.83357212,0.35745088,117.31874569,1.18756143,655.957,0.00065662,4845.84534949,2358.72111339,0.04545415,5.36377292,3.20939984,146.29489271,119.33174224,4.16689982,0.85415946,18.6296739,16.85263225,203.31254328,3.28012732,1068.80518522,75.30418999,16.85263225,1.47847083,1955.93627013,1.18756143,6.2458405,1194.79783446,25.1881469,1.58627351,685.19469474,532.3434408,3.73424271,1.70098057,100.60970736
2021-07-10,7.69449652,113.97641874,491.96775,1790.2487908,1359.03756935,10.26882795,236.49210813,1.95583,88.32148015,128.25863233,0.85374088,4215.25667536,739.9534969,211.38543069,52.33885959,18.65365333,11648.64075409,2.46901599,142.24386197,12118.64922177,6.99738652,887.68695018,1.0,10.25045812,13.44793959,2752.17023431,24.52370408,8087.74565089,16.86858987,67.7981581,293.06707548,0.85374088,21.4342009,2.01884352,1.60470285,0.84198102,1.95583,10.63318803,355.43633178,52.1150129,4.36131919,763.73000699,160.56349602,189.0168835,0.85374088,9.2245001,60.6839417,4.4533552,27371.99407801,10.39116214,8.0511667,10.23441073,49907.71315,,249.44507925,180.12486848,12624.5856906,3384.96156256,4.54668969,16.86858987,4.16833325,0.97380726,97.18001585,3.05195027,110.27,25.73782537,488.69670827,0.44652308,2.12276698,61.54227453,11224.67618501,122.53359903,4.97738914,9.20236367,41.76219255,8.20017955,26.997346,17.8134208,4549.53688474,7.43736162,17266.29822731,0.45661735,1.18756139,2359.68361157,2.67950313,3.0886003,32.54490384,43.08495506,88.48762798,100.75940502,4.32272345,9.51948774,18.60178889,2.39330189,1493.78790823,130.96277194,130.65168654,509.06221528,3863709.63307956,1.60470285,588.75366829,12.97424247,4686.96785843,50.88706748,28.24773792,1.18756139,88.48762798,9.5012351,29.68872641,59.38042413,1.18756139,1733.24968388,33.24615749,38.63604261,963.88188262,23.5916781,4.92729091,4.68099108,655.957,3.89663786,1.08557319,0.83357996,0.35828366,118.41776102,1.18756139,655.957,0.00065663,4827.94247839,2341.95124249,0.04548532,5.35998486,3.20642157,146.47908138,119.33174224,4.16689892,0.85374088,18.61136675,16.86858987,203.31303914,3.29249517,1068.80524817,75.30436429,16.86858987,1.47721298,1953.82819825,1.18756139,6.24628926,1172.17111113,24.85151786,1.58586046,694.14302375,532.34352642,3.73436274,1.69877961,100.60970351
2021-07-11,7.68412787,113.80871205,491.96774998,1789.38087423,1361.93598657,10.28707367,236.07859372,1.95583,88.21357523,127.92316072,0.85467067,4201.59168917,736.18376394,211.01153492,52.1836498,19.13336795,11637.24094508,2.46781931,142.12393546,12183.09239731,7.02579696,888.66010866,1.0,10.19037084,13.50617146,2753.31053399,24.49044316,8049.15694828,16.95620372,67.53392904,297.09219995,0.85467067,21.42004173,2.01665298,1.60414025,0.84157283,1.95583,10.57766528,355.75829432,52.09059994,4.35920482,772.73669221,159.76436408,189.25904006,0.85467067,9.21851917,60.64670788,4.4511962,27270.90300821,10.38612448,8.05558413,10.32343497,49883.00584056,,247.78689391,177.94818623,12614.67383978,3382.02344927,4.54882414,16.95620372,4.15862328,0.97332706,96.96707929,3.048978,110.27,25.75122234,487.26301095,0.44630661,2.12468348,61.60208332,11250.95750832,122.5375485,4.97440944,9.19104246,41.56551595,8.18538105,26.86013902,17.80478482,4548.85765744,7.43700889,17196.2333132,0.45639598,1.18698565,2345.55514494,2.66915148,3.04507771,32.40172862,42.78471827,88.41302361,100.55407715,4.32062778,9.51470297,18.06604438,2.3906508,1493.06371655,131.36678141,130.79107794,509.14358347,3853460.36125121,1.60414025,589.00039889,12.96408681,4684.71036208,50.37312463,28.22205293,1.18698565,88.41302361,9.49507475,28.53799658,59.54245472,1.18698565,1732.12573761,33.28213921,38.70282098,952.14589682,23.64073626,4.92640211,4.712277,655.95699997,3.89264864,1.08562861,0.83225742,0.35727691,117.52666982,1.18698565,655.95699997,0.00065784,4825.31059396,2347.40293694,0.04552315,5.36024747,3.20767223,146.29869705,119.33174224,4.16484565,0.85467067,18.63212469,16.95620372,203.62999968,3.27855189,1068.25933158,75.71305544,16.95620372,1.48032129,1952.52726375,1.18698565,6.17480283,1192.2168584,24.93861802,1.5885476,683.98924852,532.07535283,3.71442939,1.70052569,100.55991162
2021-07-12,7.676126,114.1146187,491.96775001,1790.12284916,1357.54294467,10.25672782,236.24411309,1.95583,88.30147457,128.18644303,0.85403814,4210.85944739,736.69528255,211.11904965,52.29867893,16.77642633,11672.7865792,2.46576902,142.21098035,12177.72380283,7.03994269,883.09149854,1.0,10.18193558,13.52299537,2754.12128075,24.50024723,8058.3008104,17.07987444,67.81136079,297.01067273,0.85403814,21.41794789,2.01749941,1.60280732,0.84192179,1.95583,10.60423283,355.30873964,52.129157,4.36101238,772.7682065,159.83121901,189.38979402,0.85403814,9.22254158,60.79162208,4.45304191,27306.02304982,10.39043113,8.05896103,10.30680307,49903.65850345,,248.0195487,178.05843721,12637.14209874,3390.49663975,4.5530058,17.07987444,4.16037758,0.9737328,97.04634464,3.04988566,110.27,25.66024745,487.55478649,0.44649167,2.12527572,61.69055754,11261.56083094,122.65613042,4.97237255,9.19328308,41.56169912,8.18677322,26.91807429,17.81216765,4538.35508846,7.4380862,17211.10560516,0.45658523,1.18747784,2346.92570008,2.6705943,3.04870692,32.42386455,42.93835446,88.46717285,100.58568537,4.32241935,9.43228684,18.30347819,2.39112365,1493.68282222,131.41940204,131.07559382,508.22650917,3912761.66320606,1.60280732,587.30450632,12.9694918,4685.41835773,50.47014259,28.33416893,1.18747784,88.46717285,9.49921782,28.54129503,59.59624727,1.18747784,1732.90209808,33.24222452,38.72918421,952.3453766,23.53610873,4.9275121,4.70554559,655.95700001,3.89790211,1.08576596,0.83263894,0.35722762,117.53527203,1.18747784,655.95700001,0.00065615,4839.07863443,2355.82809659,0.04520889,5.36507063,3.20908305,146.30720767,119.33174224,4.16656935,0.85403814,18.61935354,17.07987444,203.64469105,3.27639994,1068.7006724,75.4229928,17.07987444,1.47777597,1953.18379744,1.18747784,6.14474584,1188.13629109,25.11970904,1.58282871,682.36374263,529.04284632,3.72250705,1.69425018,100.67541248
2021-07-13,7.62928788,113.2726768,491.96774998,1776.45604473,1355.44770308,10.16921305,235.18964014,1.95583,87.62965069,127.20271854,0.85261693,4173.67032987,729.90560307,209.48437166,51.77192463,16.28978665,11563.52364759,2.45447926,141.2955429,12058.20188506,6.99080649,883.36418503,1.0,10.19276339,13.42925112,2732.80604988,24.65010323,7991.76354404,17.37794797,67.28916867,295.05516074,0.85261693,21.26094855,2.00209691,1.59726433,0.83549409,1.95583,10.56404981,357.42960938,51.80176625,4.32771796,766.81642987,158.8108487,187.94893642,0.85261693,9.15274584,60.24446231,4.41904489,27138.07192147,10.31110474,7.9999786,10.33858597,49523.05083078,,246.07912721,178.97581025,12537.71978309,3355.91859818,4.57767085,17.37794797,4.12860417,0.96629821,94.73886349,3.03775622,110.26999999,25.65785037,484.28212294,0.4430829,2.10935507,61.65931112,11196.14325537,122.1442269,4.94870348,9.1261973,41.47690776,8.12262299,26.72536045,17.67617955,4506.30805727,7.43749596,17073.37504985,0.4530994,1.17841197,2328.57817235,2.66135556,3.02969509,32.15300213,42.58434107,87.89769387,99.8609786,4.28941957,9.44621883,18.08871157,2.37362562,1482.27920764,130.98369704,130.19600724,502.60489416,3895539.14194907,1.59726433,583.15569634,12.8705224,4650.64455552,50.51952359,28.21599335,1.17841197,87.89769387,9.42732822,28.29553212,59.08092657,1.17841197,1719.71843288,33.00554954,38.46545117,942.31387134,23.59229182,4.92842416,4.67744133,655.95699997,3.87356123,1.0819804,0.82882572,0.35443519,117.52207397,1.17841197,655.95699997,0.00065093,4810.00642791,2339.98140838,0.04514439,5.3142567,3.18463321,146.50228657,119.33174224,4.13475743,0.85261693,18.48890497,17.37794797,202.20492904,3.28203481,1060.55693828,74.93861999,17.37794797,1.47360185,1938.6748111,1.17841197,6.08495668,1178.28604828,24.87023553,1.57945485,688.13394474,524.54146028,3.68828334,1.67968308,99.85431251
2021-07-14,7.64926676,113.72312681,491.96775001,1782.88480318,1354.7702914,10.16276491,234.65119685,1.95583,87.82872457,127.39466102,0.85527075,4174.71384047,731.85031416,210.24011031,51.80322811,16.54812231,11551.15851988,2.45176605,141.71787508,12137.20925707,7.00289769,881.19159708,1.0,10.21694676,13.4566283,2743.19202976,24.71545479,8068.93584967,17.17277334,67.173089,296.03830405,0.85527075,21.28039463,2.00934305,1.60192142,0.83851763,1.95583,10.57977767,358.62148398,51.88207616,4.3433794,769.50031614,159.08558722,188.34147522,0.85527075,9.18561999,60.50975977,4.43503682,27183.2503536,10.34841926,8.01396839,10.36798946,49702.12753533,,246.50370466,181.00144838,12606.98685324,3369.24293945,4.57882174,17.17277334,4.13174737,0.96979567,94.59522047,3.02658226,110.27,25.56407926,486.0424869,0.44468636,2.11698253,61.57661096,11212.92961491,122.32167243,4.96179888,9.14039141,41.62659772,8.14382457,26.73356284,17.7401473,4486.45814312,7.43796906,17162.27213598,0.45473911,1.18267649,2368.33149756,2.65650319,3.03204055,32.27832012,42.59627632,88.16041995,100.03501512,4.30494241,9.40192235,18.15453386,2.37790569,1487.6433792,130.88923978,129.9615873,504.51159411,3975761.60129215,1.60192142,585.34926625,12.9174422,4465.77942553,50.67881937,28.28213653,1.18267649,88.16041995,9.46118859,28.34642597,59.60089394,1.18267649,1725.95613708,33.11197402,38.63113475,948.89810436,23.5662937,4.93169381,4.6801504,655.95700001,3.85933395,1.08211573,0.83052946,0.35571093,117.50139208,1.18267649,655.95700001,0.00064803,4798.58519412,2335.58053474,0.04508593,5.31841314,3.19615816,146.10245956,119.33174224,4.14970426,0.85527075,18.56671302,17.17277334,202.87226782,3.28019986,1064.42963711,75.12772916,17.17277334,1.48377654,1941.69789859,1.18267649,5.99822602,1186.57720595,24.95301684,1.58612832,690.6611817,525.2533199,3.70754704,1.68798684,100.1979534
2021-07-15,7.63597907,113.5865376,491.96774999,1780.24876616,1348.19364536,10.13452822,235.12391323,1.95583,87.88604328,127.82896011,0.85395231,4198.38827446,731.68093327,209.94969028,51.9475032,16.60829258,11584.10811362,2.45862959,141.51178797,12112.39370166,7.02973686,893.710772,1.0,10.2265284,13.45938262,2739.14651604,24.76853942,8054.05869025,17.19616734,67.38915618,295.46112386,0.85395231,21.26582987,2.0063725,1.60012782,0.83727786,1.95583,10.5706167,358.72328548,51.99088715,4.33695761,765.71455933,159.03473428,188.36853617,0.85395231,9.17431355,60.44342093,4.42847952,27195.12021704,10.33311887,8.01468115,10.41167041,49628.29276715,,246.89399992,181.66828188,12572.54631522,3367.4091258,4.57987414,17.19616734,4.12577167,0.96836154,94.02393452,3.00690355,110.27,25.56817158,485.58867439,0.44402888,2.11377121,61.56968523,11243.83437554,122.48178119,4.95992523,9.1521337,41.42220806,8.14633959,26.7846948,17.71391807,4507.57974024,7.43754159,17148.68711069,0.45406677,1.18092787,2363.39115756,2.65872863,3.03585063,32.21041373,42.69047075,88.03221647,100.07159644,4.29857745,9.46640955,18.16318881,2.37845038,1485.44386356,131.19598926,129.91181519,504.46612157,3980688.87372331,1.60012782,586.88086722,13.02586183,4461.44639801,50.76054704,28.10991479,1.18092787,88.03221647,9.44954295,28.37281993,59.3261668,1.18092787,1723.29801633,33.02362506,38.63856988,956.35238316,23.53872145,4.92910088,4.66212999,655.95699999,3.86984384,1.08480154,0.82966408,0.35513994,117.50953729,1.18092787,655.95699999,0.00064602,4808.98603385,2338.7516072,0.04475119,5.34019629,3.19143259,145.9076192,119.33174224,4.14357212,0.85395231,18.54661897,17.19616734,202.53335075,3.26768632,1062.78947858,75.03290902,17.19616734,1.48527958,1942.44966743,1.18092787,6.03659499,1176.4374791,24.92567907,1.58852773,690.3710336,524.45697782,3.69031651,1.68334032,100.09744182
2021-07-16,7.64857496,113.58602045,491.96775,1779.57336023,1348.65574086,10.06350582,234.96304269,1.95583,87.44263869,127.70159451,0.85707851,4196.85666888,731.33868698,210.13671072,51.79986927,16.53427688,11583.4231343,2.45774114,141.62333463,12038.99650892,7.02812818,894.46645257,1.0,10.24595065,13.36700527,2737.39117625,24.9766327,8054.483016,17.06275413,67.33355263,295.34437043,0.85707851,21.18952043,2.00680708,1.60193354,0.83696021,1.95583,10.55868997,359.67251336,52.178938,4.33531222,758.57990906,159.21612515,188.31898801,0.85707851,9.16996938,60.42076691,4.4267994,27166.41563756,10.32919861,8.01091107,10.44700466,49610.04106723,,248.4809383,181.73153368,12572.67984637,3365.16661435,4.58393621,17.06275413,4.1240075,0.96807281,93.54669645,2.98660685,110.27,25.52996016,485.76665055,0.44386042,2.11011708,61.63130036,11233.31842211,122.40127951,4.9692295,9.14113703,41.23228428,8.14333271,26.74516215,17.70719761,4506.49136266,7.43701535,17115.23828033,0.4538945,1.18047984,2344.77495458,2.66072222,3.06718853,32.16842573,42.66603743,88.10160786,100.04216409,4.29694662,9.46290446,18.19037545,2.37775867,1484.88030322,130.16313124,129.9616001,504.05296791,4044979.8202735,1.60193354,584.06676072,13.02921304,4457.63855472,50.75949545,28.08017848,1.18047984,88.10160786,9.44506846,28.36642619,59.41155332,1.18047984,1722.823732,33.03835209,38.72121277,955.95431711,23.48281129,4.92781729,4.6654761,655.95700001,3.88306462,1.08497629,0.82976402,0.35500481,117.54982332,1.18047984,655.95700001,0.00065155,4805.89365428,2338.84305528,0.0451831,5.32898186,3.190153,146.06490688,119.33174224,4.14205114,0.85707851,18.53975499,17.06275413,202.11224434,3.27818588,1062.5329357,74.9261842,17.06275413,1.48904738,1942.20602636,1.18047984,6.03856334,1176.15512501,24.9821035,1.59542682,690.11502101,524.27764052,3.70485266,1.68424563,100.08288197
2021-07-17,7.6493548,113.59688058,491.96775,1779.80597333,1348.36308054,10.08270278,234.83985261,1.95583,87.45464028,127.78928072,0.85740794,4195.06498253,732.13345438,210.15441479,51.84008033,18.98734659,11575.44877195,2.45475501,141.65545888,12040.56828503,6.9912186,892.66767343,1.0,10.24863611,13.36875251,2736.21070829,24.55062529,8089.3938986,17.02705566,67.42053087,292.42685664,0.85740794,21.20521342,2.00707525,1.60236853,0.83706961,1.95583,10.57043769,359.63840118,52.21624967,4.3358789,758.65793276,160.13795079,188.66905813,0.85740794,9.17081383,60.42869479,4.42737804,27207.29266515,10.33054877,7.99501442,10.44525548,49616.51345771,,248.50312647,181.36579059,12574.51051958,3365.67230428,4.58362123,17.02705566,4.12454657,0.96812491,93.55413383,2.98767092,110.27,25.53407361,485.84213647,0.44391844,2.11038435,61.57943375,11242.06005432,122.48894326,4.96958401,9.14500309,41.22440028,8.15126309,26.77260157,17.70951217,4506.95082331,7.43881984,17132.29198404,0.45395383,1.18063414,2344.97573702,2.66091686,3.06741339,32.24871985,42.80901541,88.12159184,100.16548507,4.29750829,9.46414138,18.39504021,2.37915811,1485.07439615,130.18011477,129.94431691,503.73145734,4052738.42846649,1.60236853,584.15407917,12.95687583,4610.42092013,51.11580951,28.08088093,1.18063414,88.12159184,9.44593824,29.2039752,59.47427286,1.18063414,1723.03246826,33.06949309,38.73147976,957.90093054,23.48586731,4.9291124,4.65477083,655.957,3.88375069,1.08571371,0.8298721,0.35563086,117.51233249,1.18063414,655.957,0.0006515,4801.20260755,2330.12403356,0.04572947,5.32065074,3.19034201,145.96982126,119.33174224,4.14259852,0.85740794,18.53986756,17.02705566,202.12820777,3.29236439,1062.57103789,74.93593834,17.02705566,1.48880407,1942.57992786,1.18063414,6.03928471,1168.16200033,24.94800944,1.59591346,681.79981638,524.34618507,3.70553669,1.6866631,100.09596409
2021-07-18,7.64830644,113.52311295,491.96775,1779.37898263,1352.05022217,10.06653717,234.88972319,1.95583,87.62343081,127.70868333,0.85825318,4195.36138919,731.34167376,209.85553148,51.77060445,19.18943556,11580.64239395,2.45289705,141.79007651,12087.53144295,7.02578206,894.45945449,1.0,10.25687038,13.45781105,2737.36620291,24.51159785,8067.60456868,17.06136499,67.3149682,295.01848848,0.85825318,21.22105481,2.00538187,1.60296641,0.83686879,1.95583,10.57146858,359.64851863,52.23832395,4.33483868,765.39285398,159.26220579,188.30363572,0.85825318,9.1693835,60.41453467,4.42631588,27225.02887551,10.32807038,8.01005062,10.47195941,49604.5381918,,246.70235771,181.88208211,12526.29815117,3364.80570067,4.58531245,17.06136499,4.12368891,0.96789296,93.52171936,2.98514258,110.27,25.54424746,485.77818741,0.44381194,2.11257498,61.62251367,11238.68324845,122.49933226,4.97678292,9.14342757,41.21891038,8.14585517,26.73256806,17.70526351,4504.77937542,7.43776763,17143.56715321,0.45384492,1.1803509,2361.40256619,2.65808722,3.03418981,32.15680474,42.65127396,88.20533531,100.07557727,4.29647728,9.46161237,18.17255362,2.37839507,1484.71811408,131.24748301,129.76139987,504.2318097,4064963.38619447,1.60296641,586.06977697,12.94060717,4609.65158556,50.46485464,28.06816786,1.1803509,88.20533531,9.444465,28.3512381,59.53170647,1.1803509,1722.53417876,33.12536851,38.80239212,959.05728106,23.54215307,4.92731708,4.60476908,655.957,3.88427931,1.08521829,0.82984276,0.35502317,117.57414952,1.1803509,655.957,0.00065077,4818.28417363,2337.51056905,0.04597078,5.32454418,3.1898418,146.08945066,119.33174224,4.1415978,0.85825318,18.53790127,17.06136499,202.43498438,3.27866966,1062.25872167,74.9741849,17.06136499,1.49173836,1942.98728376,1.1803509,6.04003302,1186.18944995,24.9096583,1.59978763,681.6621171,524.21847866,3.67666697,1.69000276,100.07087281
2021-07-19,7.64773677,113.56606746,491.96774998,1777.61036201,1355.9342161,10.12554931,234.28171085,1.95583,88.05282962,127.37356361,0.86225096,4188.77967223,730.03055636,209.62318515,51.66467368,19.30259703,11519.34122473,2.46637207,141.92645385,12078.67936436,6.9884904,896.62306964,1.0,10.24576354,13.44695945,2733.7426121,24.48384062,8055.4272839,17.15167913,67.12165445,295.11602664,0.86225096,21.15309283,2.00339717,1.60786052,0.83603698,1.95583,10.57101303,359.94602137,52.11374809,4.33053005,764.58751931,158.66168833,189.36407756,0.86225096,9.16304399,60.36584452,4.42191632,27162.44482834,10.31780475,8.00220005,10.55146325,49555.27539524,,245.99855525,181.6483138,12488.74602615,3362.13365755,4.59433047,17.15167913,4.03004041,0.96692458,93.28618576,2.98638714,110.26999999,25.67712267,484.27293284,0.44337081,2.11070613,61.59421018,11175.73493574,122.40072414,4.98080222,9.13393028,41.11314509,8.12677903,26.51917972,17.68766529,4524.0765793,7.43811959,17138.60575351,0.45339382,1.17917769,2359.59969531,2.66542938,3.04367201,32.0922517,42.52825703,88.29017347,99.82769481,4.29220678,9.45241245,18.12580541,2.37563593,1483.24237277,131.83384501,129.20320011,504.35103714,4188177.7371605,1.60786052,584.14449044,12.98110577,4597.46717977,50.44006247,27.99166623,1.17917769,88.29017347,9.43793531,28.28679483,59.88147212,1.17917769,1720.91230906,33.10791636,38.68746919,953.57578756,23.60196432,4.92668023,4.65947241,655.95699997,3.88945488,1.08316234,0.82945983,0.35458267,117.57773363,1.17917769,655.95699997,0.00064904,4792.87497564,2331.46462386,0.04676404,5.31114886,3.18668971,146.2977283,119.33174224,4.13739358,0.86225096,18.4739776,17.15167913,202.32306603,3.26164383,1061.25394879,74.92769317,17.15167913,1.50258871,1938.78476314,1.17917769,6.19395253,1184.52699972,24.04899991,1.60764419,680.27888964,523.68666824,3.66129764,1.70008412,99.9711692
2021-07-20,7.62705608,113.42633217,491.96774999,1775.15907797,1354.45461905,10.1023675,234.96330787,1.95583,87.67457675,127.38876686,0.86470638,4190.11764772,729.60405906,209.33409493,51.72147133,19.25591438,11524.27886127,2.46301949,141.22939375,12042.01017643,7.02988515,892.83646843,1.0,10.25736088,13.41579379,2731.66995534,24.79655078,8056.70975583,17.28384884,67.11155165,294.66679141,0.86470638,21.17284377,2.00063473,1.6100256,0.8348841,1.95583,10.55785279,359.43113204,52.1392479,4.32455835,762.28729997,158.59940348,189.44108611,0.86470638,9.15250196,60.16601266,4.4158186,27144.37793013,10.30357674,7.98814739,10.62586783,49486.93126003,,245.9205941,181.71558114,12495.08925262,3354.89554378,4.59591552,17.28384884,4.02410971,0.96559245,93.63773447,2.98631153,110.27,25.65681087,484.14242019,0.44275941,2.10777904,61.58111145,11197.43712526,122.52353689,4.9957032,9.11737963,41.13475012,8.12379803,26.26535605,17.66327441,4517.62182503,7.43847113,17130.32686795,0.4527686,1.17755163,2357.61865127,2.66236901,3.04139705,32.05542315,42.551504,87.85654354,99.79249045,4.28628792,9.43968062,18.10223405,2.37191665,1481.19701546,131.80542626,129.41972705,504.28524983,4267017.09310106,1.6100256,581.16229836,12.97964444,4590.6565222,50.07018684,28.00011536,1.17755163,87.85654354,9.42707702,28.28149612,59.29588025,1.17755163,1718.49427194,33.05041582,38.71212617,952.61768432,23.75017781,4.92622427,4.6508596,655.95699999,3.87711418,1.08480793,0.82927313,0.35409817,117.55026827,1.17755163,655.95699999,0.00065101,4798.36478315,2333.38996006,0.04728315,5.31348274,3.18228117,147.20531609,119.33174224,4.13161023,0.86470638,18.44676416,17.28384884,202.01364407,3.26422398,1059.77158817,74.93717479,17.28384884,1.49609083,1937.68307648,1.17755163,6.14880529,1185.23080866,24.01906199,1.61084205,687.71073208,522.96244911,3.62699441,1.70336186,99.83430417
2021-07-21,7.62893564,113.65942686,491.96775003,1778.12580169,1358.89333552,10.10011289,234.96245649,1.95583,87.24338766,127.44880162,0.86065223,4187.05393426,730.43767523,209.69452064,51.82416198,19.01254536,11518.63296111,2.46240871,141.23272636,12087.75917545,7.00892311,887.78458714,1.0,10.24972226,13.43345771,2735.77954036,24.74425928,8074.89043034,17.19674309,67.18918679,294.98152801,0.86065223,21.24338031,2.00397789,1.60709498,0.8362794,1.95583,10.56515659,359.62638213,51.94058916,4.33178574,763.38220024,158.74473221,189.46295214,0.86065223,9.16858566,60.277978,4.42319851,27127.74271658,10.32079653,7.99110665,10.47792879,49570.10077389,,246.19804635,182.20437531,12486.417779,3365.97932164,4.57524303,17.19674309,4.10298946,0.96720709,93.65338573,2.98493127,110.27000001,25.69140174,485.20159232,0.44349937,2.11119432,61.629124,11246.66833762,122.50733214,4.98753963,9.12546515,41.54165294,8.12473126,26.29897495,17.69279405,4545.89694668,7.43846896,17119.1287971,0.45352529,1.1795196,2360.69432559,2.66090173,3.03839852,32.1347807,42.56391674,87.85861671,99.88828327,4.29345136,9.45735018,18.09486787,2.37411774,1483.67245689,132.00587569,129.9100243,504.17710165,4342011.67517242,1.60709498,576.88609959,13.03301995,4548.01758377,50.10679471,28.08372997,1.1795196,87.85861671,9.44364323,28.31681395,59.32327506,1.1795196,1721.15610661,33.06582789,38.7353332,953.04623265,23.78380353,4.92472455,4.65225868,655.95700004,3.86641563,1.08200225,0.8297515,0.35483743,117.61721556,1.1795196,655.95700004,0.00065536,4796.92247414,2332.49496647,0.04676371,5.31378178,3.18759528,148.00173848,119.33174225,4.13846851,0.86065223,18.48241746,17.19674309,202.38201234,3.26475901,1061.55835979,75.03899896,17.19674309,1.48378646,1939.3240804,1.1795196,6.12021105,1166.18305849,24.99144941,1.60409068,688.94163739,523.83914162,3.66787384,1.69691237,99.90209863
2021-07-22,7.61921396,113.50895664,491.96774998,1775.07166712,1353.29485674,10.08727303,235.15049596,1.95583,86.78125558,127.53358487,0.85541719,4181.49851688,730.04227535,209.34575415,51.75571375,19.00226153,11517.3360288,2.45333478,141.02589377,12046.84786903,7.01341516,887.69197841,1.0,10.21899857,13.42959802,2731.10451524,24.51059478,8073.6800846,17.327422,67.29419119,294.32303667,0.85541719,21.21198214,2.0005686,1.6000409,0.83484299,1.95583,10.55508964,357.8261011,52.22352886,4.3243454,761.40643164,158.65930346,189.58847162,0.85541719,9.15014766,60.27837745,4.41560116,27135.51057781,10.30306938,7.98841175,10.41689243,49484.53475175,,246.08139673,181.80278431,12483.07158932,3364.69176848,4.56573621,17.327422,4.09421322,0.9655443,93.73047819,2.95783575,110.27,25.63840788,484.21803714,0.44273761,2.10751235,61.58851253,11263.22581324,122.25655167,4.9743457,9.12330463,41.38346081,8.126222,26.07651232,17.66240465,4557.01205505,7.43784795,17062.88080366,0.45274631,1.17749364,2331.52658213,2.6546501,3.03092643,31.98887849,42.59730836,87.72994947,99.84965015,4.28607686,9.41619622,18.07520815,2.37316124,1481.12407963,131.28155335,129.81251752,501.00588124,4349303.71569957,1.6000409,573.3311583,13.00638534,4474.51047756,50.39788113,27.9887423,1.17749364,87.72994947,9.42465209,28.33900624,59.14074488,1.17749364,1718.33986074,33.00906778,38.77515512,951.08290096,23.65817995,4.92298207,4.63562583,655.95699998,3.85816215,1.08268137,0.82844496,0.35399149,117.45834791,1.17749364,655.95699998,0.0006526,4799.24498279,2334.26158191,0.04645893,5.31638309,3.18203554,148.39697516,119.33174224,4.13143163,0.85541719,18.44921604,17.327422,202.00266422,3.26472106,1059.75435159,74.77308337,17.327422,1.48000345,1938.31607416,1.17749364,6.12452512,1174.48522419,25.18247273,1.59522265,680.82472076,522.93325717,3.64991878,1.68623097,99.36236587
2021-07-23,7.6297782,113.43801285,491.96774999,1774.57883338,1356.22860114,10.07148775,234.79751726,1.95583,87.02538736,127.47947792,0.85626215,4168.1707827,729.33153774,209.53477376,51.50541432,18.99413672,11587.21001251,2.45998888,140.8562039,12021.36945605,6.9821246,897.24468775,1.0,10.2329815,13.33260622,2729.2409452,24.49705499,8062.2849108,17.4759565,67.32457692,294.51006948,0.85626215,21.21135039,2.00114966,1.60132555,0.83461121,1.95583,10.55854204,360.09149693,52.00626147,4.32314479,753.26960936,158.48542551,189.34714861,0.85626215,9.14547846,60.22868871,4.41437521,27084.71859677,10.30020882,7.98739282,10.43824879,49470.8062213,,246.2281406,181.65471619,12476.94512772,3355.5848331,4.57591896,17.4759565,4.11961556,0.9652815,93.5975419,2.9548536,110.27,25.65045201,484.40286215,0.44261469,2.10421328,61.63131673,11240.21293473,122.163362,4.97529565,9.11513519,41.43022011,8.11311879,26.07435181,17.65750083,4573.47441294,7.43666409,17037.77776802,0.4526206,1.17716672,2339.99535059,2.65662389,3.01758055,31.83973268,42.51577399,87.62438812,99.8104149,4.28488687,9.4740728,18.12529026,2.37105545,1480.71285797,130.23165425,130.13836393,501.44754277,4518815.71446415,1.60132555,569.16033453,13.05045024,4489.18761573,50.7005556,28.12585825,1.17716672,87.62438812,9.41984282,28.24236658,59.1057864,1.17716672,1717.98891675,32.98791425,38.79953847,946.18505584,23.6108376,4.92233686,4.62589313,655.95699998,3.85319148,1.08242528,0.82887215,0.35424553,117.57607934,1.17716672,655.95699998,0.0006532,4797.49356769,2336.69737707,0.04669186,5.30876737,3.1813318,148.59352567,119.33174224,4.12230391,0.85626215,18.44859248,17.4759565,201.53341118,3.26097804,1059.4545332,74.75027313,17.4759565,1.47839786,1936.6980923,1.17716672,6.12217577,1182.63153159,25.04595216,1.59804122,680.2246793,522.79426596,3.67048524,1.68850814,99.19020495
2021-07-24,7.6293711,113.28265017,491.96775,1774.52846294,1356.07074424,10.06887587,234.69110891,1.95583,87.02147459,127.54556772,0.85646788,4178.3680236,729.82362141,208.34943302,51.54747541,17.6184103,11530.07031873,2.46353447,140.8486723,12017.63561859,6.93594208,897.21497534,1.0,10.2287245,13.33222778,2728.00405735,24.54203439,8170.03178296,17.48326228,67.202936,294.49038216,0.85646788,21.21259735,2.0011156,1.60194907,0.83458752,1.95583,10.53278075,360.09749824,52.03242893,4.32302208,753.16224564,159.05155863,189.28760504,0.85646788,9.1456247,60.26686938,4.41424991,26850.88686387,10.29991645,7.97186276,10.43298006,49469.50920245,,246.21856151,179.9419379,12476.12902474,3354.85027002,4.5733522,17.48326228,4.11996657,0.96525453,93.59402078,2.95458843,110.27,25.64725529,484.40836465,0.44260212,2.10412695,61.34795416,11214.47606402,124.0642794,4.97693431,9.12022305,41.54712736,8.1284209,24.77782651,17.65699963,4577.83565259,7.43458402,17065.17863702,0.45260776,1.17713331,2340.31756486,2.65656477,3.01748059,32.14166409,42.69450477,87.61970283,99.8525329,4.28476524,9.47391696,18.13786971,2.37228777,1480.67082875,130.22762649,130.13048363,501.30062546,4434656.18705533,1.60194907,569.05024562,13.0618238,4491.56442537,51.11144078,27.92804052,1.17713331,87.61970283,9.41999344,29.42572267,59.13003358,1.17713331,1718.08342206,33.05883503,38.78619562,955.42612822,23.60266707,4.92255613,4.61077116,655.957,3.84870062,1.08276519,0.82885621,0.3549089,117.51722797,1.17713331,655.957,0.00065314,4713.33175826,2322.36879814,0.0467421,5.30207249,3.17829722,148.554487,119.33174224,4.13030887,0.85646788,18.4246399,17.48326228,201.52805316,3.27772544,1059.42545423,74.74806086,17.48326228,1.47883495,1936.55673774,1.17713331,6.12246847,1163.17217638,25.21534813,1.59816351,685.13807147,522.77960219,3.67159087,1.68739095,99.1873895
2021-07-25,7.63438871,113.40447012,491.96775002,1775.00022812,1358.0182177,10.07479045,234.83104981,1.95583,86.87284301,127.45750753,0.85649491,4170.22351652,729.59369028,209.33551336,51.58422302,18.8514061,11507.90748324,2.45084521,140.94846689,12056.67612429,7.00956389,897.47919266,1.0,10.2356081,13.41502991,2730.96496517,24.51853946,8137.20999344,17.49775539,67.08864469,294.34927629,0.85649491,21.29766861,2.0004555,1.60255567,0.83480939,1.95583,10.56004071,360.27061757,52.16556634,4.32417137,761.70083116,158.59554103,189.34642083,0.85649491,9.1504078,60.2430846,4.41542345,27088.24800868,10.30265472,7.99045171,10.45834165,49481.51798716,,245.7056846,181.46838528,12487.6308305,3357.22612108,4.57967595,17.49775539,4.10434611,0.96550498,93.74897923,2.96096437,110.27000001,25.66980409,484.27163924,0.44271979,2.10735565,61.64710303,11261.83892913,122.252799,4.9747698,9.11879353,41.3250747,8.1133402,24.73162368,17.66169381,4577.52963481,7.43676756,17057.51144843,0.45272808,1.17744625,2328.01605364,2.65575321,3.03300369,31.8732071,42.53595076,87.68178345,99.88826399,4.28590437,9.43841063,18.07059176,2.37188466,1481.06447075,131.25187333,129.95004195,501.00475959,4507543.23896588,1.60255567,572.21818533,13.09210066,4487.68202991,50.76428302,27.92029258,1.17744625,87.68178345,9.42492003,28.31172503,59.2653535,1.17744625,1718.2376789,33.07997915,38.79563545,953.14010433,23.65054665,4.92201173,4.6173094,655.95700003,3.85377913,1.08209912,0.82881701,0.35435102,117.62936209,1.17744625,655.95700003,0.00065232,4788.11284029,2331.81806216,0.0464847,5.31030792,3.18191633,148.60201871,119.33174225,4.13137172,0.85649491,18.45187163,17.49775539,201.96510946,3.26325104,1059.66903608,74.89944427,17.49775539,1.48164523,1937.41641872,1.17744625,6.1234181,1183.32301271,24.94858412,1.60251406,678.62335909,522.90343002,3.62931896,1.69110772,99.2144535
2021-07-26,7.64260668,113.85498768,491.96774999,1779.20245594,1358.66151526,10.10460392,235.13408825,1.95583,86.97424882,127.9951378,0.85380349,4180.05421829,731.27951713,209.82830542,51.5805265,19.01940854,11619.08266667,2.45760608,141.02786715,12119.68803395,7.01611167,897.1738658,1.0,10.17950281,13.44275255,2737.68116128,24.68286039,8136.9914186,17.4567313,67.19355878,294.92340037,0.85380349,21.2676566,2.00519155,1.60314467,0.83678577,1.95583,10.56388009,361.46283657,52.25054508,4.33440864,763.50880231,158.74998233,190.49184855,0.85380349,9.17824448,60.41935296,4.42587676,27107.41441311,10.32704576,8.00829375,10.40634708,49595.41271599,,246.16615713,182.38399558,12569.93383139,3363.91737665,4.5949141,17.4567313,4.13003927,0.96778473,93.79102195,2.96684286,110.27,25.66043338,485.42404361,0.44376791,2.112333,61.67623888,11256.91745415,121.94481264,4.99102217,9.13767522,41.37774456,8.13879247,23.54900253,17.70350702,4619.25026806,7.43776153,17092.89206133,0.4537999,1.1802338,2333.61572242,2.66021439,3.03232654,31.83032923,42.6011683,87.73117708,100.02578997,4.29605104,9.40426044,18.11341826,2.37675469,1484.57081978,131.44872428,130.07672804,501.8265179,4512205.85816493,1.60314467,573.85151865,13.13128175,4491.15023257,50.44509449,28.07862008,1.1802338,87.73117708,9.45359181,28.37044457,59.38888113,1.1802338,1722.22995368,33.10421541,38.82066111,947.11149958,23.6651727,4.91775685,4.61242591,655.95699999,3.84342909,1.0810726,0.82952336,0.35518604,117.55756422,1.1802338,655.95699999,0.00065629,4795.88650657,2334.68434622,0.04688022,5.31929386,3.18941199,148.60592254,119.33174224,4.14114958,0.85380349,18.5217278,17.4567313,202.45937737,3.28527522,1062.06801057,75.07725723,17.4567313,1.48100879,1941.8326232,1.1802338,6.1101987,1184.94797394,25.11527853,1.60033459,678.31401272,523.87117733,3.6491295,1.68842174,99.62283609
2021-07-27,7.69193525,114.2057118,491.96775001,1782.72463138,1365.64329523,10.12265043,234.85664048,1.95583,87.03950903,128.19809722,0.85182945,4197.83828045,732.32681882,210.22568984,51.64628043,19.08137766,11514.05467139,2.46746333,141.60545617,12129.45381382,7.02122071,908.13820066,1.0,10.19672634,13.47068322,2742.72359313,24.52261868,8180.74686809,17.47766747,67.34227066,295.62138353,0.85182945,21.25735301,2.00912515,1.60752376,0.8384423,1.95583,10.57049708,359.11679856,52.17741469,4.34298919,764.97166286,159.33253304,190.83586502,0.85182945,9.20258658,60.53822198,4.43463839,27184.18281939,10.34748957,8.02732885,10.48759277,49696.75943456,,246.74988681,182.6025237,12616.50063104,3370.4145916,4.59753046,17.47766747,4.13134797,0.96969019,94.58278957,2.97314828,110.27,25.70568249,486.6064705,0.44464641,2.11680044,61.71624479,11265.12789897,121.95261908,5.002689,9.15084196,41.43254514,8.15256884,22.46730549,17.73855355,4649.84170449,7.43777329,17138.23305004,0.45469826,1.18257024,2337.92592308,2.66828143,3.04658157,31.82534321,42.63591242,88.09048595,100.18178312,4.30455566,9.47930762,18.24044034,2.38082149,1487.50973146,132.02986829,129.85220989,502.80697668,4714511.96546774,1.60752376,575.00477963,13.16487409,4502.77038189,50.35378977,28.0181841,1.18257024,88.09048595,9.47866417,28.37887148,59.60389056,1.18257024,1725.73956728,33.15575692,38.92835471,947.757744,23.59971206,4.91799437,4.6439958,655.95700001,3.84686203,1.08134475,0.83068681,0.3555899,117.59233273,1.18257024,655.95700001,0.0006554,4802.24487409,2338.21553606,0.04763571,5.34115486,3.19574904,148.99415017,119.33174225,4.14935417,0.85182945,18.55465551,17.47766747,202.9848089,3.26483514,1064.29449712,75.23663191,17.47766747,1.48768836,1944.7052395,1.18257024,6.11522271,1188.40599182,25.1668463,1.60516484,681.73438107,524.94451276,3.65974449,1.69909659,99.99205503
2021-07-28,7.67624903,114.51644801,491.96775001,1786.90260643,1357.75436405,10.14941992,235.0934496,1.95583,87.15547085,128.43978756,0.85127802,4195.18079042,733.75762097,210.71797307,51.74777114,19.12629622,11524.51536455,2.4744757,141.70480841,12164.74708171,7.08887078,903.2145314,1.0,10.17992127,13.49978309,2748.49799431,24.80296762,8191.72899295,17.47217736,67.3475089,296.41407447,0.85127802,21.30867755,2.01386998,1.60656146,0.84040726,1.95583,10.583854,360.36459578,52.40519229,4.35316738,767.2040199,159.79288556,191.64680688,0.85127802,9.21738026,60.62227052,4.44503136,27085.00518113,10.37173984,8.04552561,10.42163605,49814.28367061,,247.23276108,183.39374595,12643.66265041,3377.38171936,4.59516794,17.47217736,4.14112386,0.97197988,94.58719836,2.98564336,110.27,25.56235697,487.33604008,0.44568848,2.12179837,61.79560157,11258.41112438,121.83948594,5.00648386,9.17067166,41.83723641,8.16978265,22.6519217,17.78012544,4612.13655387,7.43783754,17176.89232954,0.45576388,1.1853417,2339.98041671,2.67455033,3.05298209,31.92190543,42.67771127,88.15229139,100.38582111,4.31464377,9.50192358,18.27831482,2.3855415,1490.99584392,132.34075671,130.11710174,503.78375545,4713863.41368034,1.60656146,576.36220829,13.18885187,4492.00348595,50.33882429,28.04454256,1.1853417,88.15229139,9.49390167,28.41781696,59.6782159,1.1853417,1729.8603561,33.12805587,38.95946607,947.78834186,23.61607185,4.92108476,4.64885415,655.95700001,3.85232828,1.07776704,0.83135348,0.35643462,117.60546986,1.1853417,655.95700001,0.00065374,4813.39992932,2341.1946404,0.04702602,5.34083815,3.20342044,148.01247952,119.33174224,4.15914972,0.85127802,18.60945289,17.47217736,203.4798061,3.26920796,1066.6881854,75.45109103,17.47217736,1.48235124,1948.75330008,1.1853417,6.06484462,1178.60679135,25.27245849,1.60717973,692.42960404,526.20107513,3.66847603,1.70266297,100.35947864
2021-07-29,7.66998937,114.72307502,491.96775002,1790.95225675,1363.04964343,10.06666436,236.86858634,1.95583,87.00984772,129.00216313,0.85146243,4213.71325898,735.65063763,211.20266768,52.00941736,19.1677491,11604.64168746,2.47232047,141.88625561,12180.026389,7.1007304,903.25618582,1.0,10.17020965,13.53225247,2755.07379665,24.51750888,8213.72292323,17.30920131,67.69337239,297.01227433,0.85146243,21.29929316,2.01843419,1.60766405,0.84231187,1.95583,10.59145554,357.62886012,52.67509624,4.36303294,768.96351815,160.25359037,192.73719211,0.85146243,9.23426901,60.75989377,4.45510512,27110.79970773,10.39524527,8.05908755,10.3995764,49926.27654893,,247.77293378,183.83675107,12641.49691594,3392.10960666,4.57002857,17.30920131,4.15037118,0.97418358,94.69072666,2.983515,110.27000001,25.50949217,488.50753335,0.44669854,2.12647951,61.77089301,11330.56979337,121.83968553,5.02627453,9.19422651,41.68143954,8.19743339,22.88449948,17.82042047,4572.94396596,7.43809908,17167.69138235,0.45679678,1.18802803,2344.52150801,2.67340842,3.04892147,31.92578651,42.8726573,88.26516678,100.64058262,4.32442203,9.46632471,18.32444239,2.39169895,1494.37488192,132.52245175,130.09781458,505.13972367,4724940.54133325,1.60766405,577.650031,13.21874774,4517.03623832,51.18112467,28.17607808,1.18802803,88.26516678,9.51129708,28.50813661,59.64179849,1.18802803,1733.66177079,33.17905058,39.07350364,960.6013183,23.63200931,4.92006083,4.66205544,655.95700003,3.84884413,1.07737409,0.8317998,0.35747652,117.57028952,1.18802803,655.95700003,0.00064948,4831.0404758,2351.22346234,0.04636156,5.36289423,3.21061467,147.20150867,119.33174225,4.16850145,0.85146243,18.66110271,17.30920131,203.88943739,3.27241925,1069.19474932,75.61605376,17.30920131,1.47942855,1953.65433083,1.18802803,6.03688248,1194.90261592,25.38156562,1.60726098,685.36023193,527.39408246,3.70637891,1.69643996,100.72852114
2021-07-30,7.66920616,114.80090124,491.96774997,1789.26454561,1367.22449607,10.03410062,236.77589642,1.95583,86.82089884,128.88864019,0.85341157,4214.69126625,735.13035866,211.26810951,51.99081425,18.47657883,11585.73890299,2.469988,141.91410067,12112.31968369,7.09747231,898.22321438,1.0,10.21187139,13.44636831,2752.18944242,24.45021592,8197.51420728,17.3335488,67.63081118,296.80317597,0.85341157,21.14406975,2.01769168,1.60743183,0.84151812,1.95583,10.4997592,358.33061432,52.58560523,4.35892142,758.08226407,159.89267979,192.72487479,0.85341157,9.22308432,60.70258501,4.45090683,27248.68146906,10.38544927,8.05615017,10.47620965,49880.20881214,,249.22968373,183.86712226,12611.8059181,3383.67910543,4.5681136,17.3335488,4.14646597,0.9732732,94.73890544,2.95576287,110.26999999,25.49938048,488.37858606,0.44627759,2.12163316,61.45443715,11320.17431237,121.90418052,5.00875248,9.19014752,41.65156079,8.18922414,22.8290007,17.80362732,4602.07791845,7.43815312,17132.96601919,0.45636631,1.18690849,2357.46714625,2.67383771,3.0796101,31.86567743,42.83765035,88.28248875,100.65046951,4.3203469,9.51417399,18.27520193,2.39037774,1492.96665167,131.32993019,130.18742765,505.04214805,4710233.88327734,1.60743183,577.12112857,13.10746806,4521.67501024,50.36797972,28.14413743,1.18690849,88.28248875,9.49977685,28.47436602,59.34051659,1.18690849,1732.20448045,33.15331718,39.04928202,960.3983597,23.59075665,4.91581025,4.65629948,655.95699996,3.83048791,1.07474458,0.83076595,0.3566025,117.59887421,1.18690849,655.95699996,0.0006543,4828.76581622,2350.15073708,0.04656368,5.35276589,3.20764481,146.78404908,119.33174224,4.18289217,0.85341157,18.64625339,17.3335488,203.20185411,3.26526915,1068.22037779,75.36910662,17.3335488,1.48096584,1952.59699764,1.18690849,6.18242376,1194.80344882,25.39929064,1.61565149,684.79918382,526.91313599,3.70229041,1.702138,100.60000384
2021-07-31,7.66895945,114.77042816,491.96775,1789.20659126,1366.07864467,10.02936565,236.25411565,1.95583,86.81692586,128.8944501,0.85364398,4213.37233967,739.28127154,211.26249036,52.02874695,18.55782958,11550.76568107,2.46990837,141.9743709,12111.81939396,7.04141664,895.22818172,1.0,10.20091611,13.44593278,2750.61243917,24.50751114,8229.52123302,17.33245615,67.789384,293.10381493,0.85364398,21.16447628,2.01764534,1.60742991,0.84149086,1.95583,10.62732626,358.29624937,52.58395105,4.35878024,757.9331178,160.67421985,192.95110973,0.85364398,9.22454017,60.70062953,4.45076266,27353.0891197,10.38511288,8.05966432,10.46633527,49878.55676111,,249.22747924,183.39758021,12610.86416946,3383.74127064,4.56800032,17.33245615,4.14633167,0.97323848,94.73655095,2.95530975,110.27,25.49735624,488.40779621,0.44626314,2.121531,61.20845366,11300.01884593,121.80423138,5.00980287,9.19682036,41.65021626,8.2007905,22.91705697,17.80305066,4599.23829625,7.4389306,17158.57740939,0.45635153,1.18687004,2358.11410405,2.6737569,3.07957566,31.91748854,43.05365301,88.3199819,100.74863376,4.32020696,9.51386582,18.54413702,2.39172605,1492.91829442,131.32358394,130.19665074,504.65364038,4715898.93787592,1.60742991,577.10362392,13.20585248,4521.53618999,50.7394004,28.15856621,1.18687004,88.3199819,9.50127638,29.59002623,59.3476034,1.18687004,1732.1033584,33.19614902,39.09107754,966.47191391,23.59690682,4.91584699,4.6609766,655.957,3.83006468,1.07454657,0.83069481,0.35722567,118.25149022,1.18687004,655.957,0.00065437,4826.02015865,2344.90271092,0.04655235,5.34354545,3.20499769,146.40643871,119.33174224,4.18278358,0.85364398,18.63760404,17.33245615,203.19406738,3.2871448,1068.18773771,75.36631267,17.33245615,1.48150561,1952.90008364,1.18687004,6.18654136,1174.30250522,25.33962946,1.61604745,684.77310026,526.89518662,3.70265608,1.7023813,100.5967454
2021-08-01,7.67699123,114.80517733,491.96775001,1789.68260118,1368.61875129,10.04732723,237.48818837,1.95583,86.99967839,129.12727903,0.85431223,4215.38130187,735.93546112,211.04691626,52.00347206,18.48141106,11604.17939476,2.47246643,141.95742216,12180.70842701,7.09762439,897.72717055,1.0,10.20557491,13.53150118,2753.77364598,24.47649288,8206.7058004,17.34885503,67.73059636,296.86080786,0.85431223,21.27990621,2.01700234,1.60705908,0.84171474,1.95583,10.50294581,358.61229707,52.64765508,4.35993987,768.40072419,159.93404856,192.76951009,0.85431223,9.22963021,60.71672155,4.45194677,27287.77151828,10.38787579,8.06829621,10.48367469,49891.89437165,,247.54670859,184.10683914,12642.23143007,3398.67023727,4.56728314,17.34885503,4.14755402,0.97349474,94.80975838,2.96437023,110.27,25.51076558,488.60692748,0.44638186,2.1250502,61.53045428,11322.57060457,121.77771297,5.01683016,9.19236049,41.70693072,8.19112074,22.89742172,17.80778708,4604.61794991,7.43834036,17172.65702032,0.45647294,1.18718581,2341.94232291,2.67568348,3.05640409,31.84343857,42.84899178,88.30943836,100.82604917,4.32135633,9.45961979,18.27281559,2.39290404,1493.31547825,132.58565911,130.21702207,506.52883221,4711554.84655062,1.60705908,577.2444722,13.13409691,4522.51628225,50.36913487,28.17872228,1.18718581,88.30943836,9.50651911,28.52842302,59.40325737,1.18718581,1732.60060233,33.17330967,39.10920259,961.74190588,23.59564345,4.91547589,4.82218858,655.95700002,3.8318454,1.07509556,0.83204813,0.35669091,117.60172782,1.18718581,655.95700002,0.00065511,4837.22691069,2353.92787667,0.04658805,5.35869618,3.20834599,146.8087547,119.33174225,4.16555681,0.85431223,18.64288805,17.34885503,203.7724711,3.26615729,1068.48096152,75.5668534,17.34885503,1.48135265,1954.97719763,1.18718581,6.18514101,1196.38548246,25.37388135,1.61680374,684.99729894,527.03329408,3.69199156,1.70383599,100.62499059
2021-08-02,7.67622635,114.92709,491.96774999,1789.96577332,1366.39905105,9.92183594,237.24773264,1.95583,86.68737748,129.07534762,0.85461063,4220.24172535,736.24123737,211.07607508,52.09140422,17.75446218,11599.89278501,2.47999227,141.85053641,12194.99906508,7.1235891,912.53537242,1.0,10.20177891,13.54327648,2754.07458804,24.49350754,8205.77961235,17.14443318,67.81758446,296.90313079,0.85461063,21.2496816,2.01732799,1.60529327,0.84184792,1.95583,10.58847104,356.2772318,52.70279568,4.36062972,768.0245517,159.88548426,194.2808452,0.85461063,9.23241549,60.73836631,4.45265118,27198.99828278,10.38951941,8.06751255,10.48530236,49899.79634701,,247.86644808,183.88029432,12647.59806555,3382.81757568,4.55991279,17.14443318,4.14808631,0.97364577,94.8763965,2.96249975,110.27,25.48079732,488.71518541,0.44645249,2.12537485,61.5255788,11335.66456676,121.68097615,5.01656296,9.19796447,41.71217131,8.19278804,22.86342111,17.81060471,4621.3630148,7.43850965,17057.92463403,0.45654517,1.18737365,2342.34779687,2.674933,3.05460865,31.92905393,42.89970628,88.24294644,100.7973702,4.32204008,9.46119857,18.28722291,2.39333734,1493.55175776,132.46268718,129.71891076,505.03027816,4713887.6134063,1.60529327,577.35072488,13.08503612,4530.98978611,50.36933187,28.18173433,1.18737365,88.24294644,9.50938795,28.53362059,59.21651828,1.18737365,1732.86936628,33.17045364,39.13340994,962.75620963,23.62573759,4.91794019,4.82982108,655.95699999,3.82691707,1.07507722,0.83193739,0.35669663,117.55694042,1.18737365,655.95699999,0.00065546,4840.25630846,2355.79099117,0.04687309,5.35729971,3.20886192,146.80834073,119.33174224,4.16621734,0.85461063,18.64926098,17.14443318,203.81613633,3.26552744,1068.60902848,75.45023719,17.14443318,1.485808,1954.76885928,1.18737365,6.1468494,1196.42175432,25.44353519,1.61172122,685.80352786,527.12126079,3.68675848,1.69789918,100.60099014
2021-08-03,7.67203021,114.95715446,491.96775001,1790.15036632,1360.25558953,9.98774594,237.41496839,1.95583,86.61226773,129.18117477,0.85238803,4225.45564522,736.58026112,211.11459602,52.01019638,17.80748088,11607.19813475,2.46884389,141.66796804,12178.19729016,7.13413186,921.24070894,1.0,10.20508881,13.55014115,2754.071351,24.79665027,8209.2168918,16.96496622,67.81922139,296.78738234,0.85238803,21.24412623,2.01757125,1.60226494,0.84193473,1.95583,10.58866026,355.54206424,52.89013636,4.36107942,768.36371201,159.82271469,193.69271643,0.85238803,9.23211104,60.74529757,4.45311036,27243.15618728,10.39059085,8.05984204,10.46046832,49905.37285053,,248.15498577,183.78285292,12638.52204799,3383.87123652,4.55407374,16.96496622,4.14849019,0.97374727,95.14770085,2.97804776,110.27,25.46094623,488.88189965,0.44649853,2.12547513,61.62236388,11354.33552287,121.6020564,5.01911685,9.20321246,41.72242848,8.20095944,22.86403687,17.81244146,4641.83804672,7.43739419,17019.97012938,0.45659225,1.1874961,2343.46535974,2.67348308,3.04940432,31.93334782,43.00030156,88.12937359,100.78988173,4.32248579,9.51880842,18.31287476,2.39409317,1493.70578261,132.05293932,129.4923446,505.01265813,4716648.40719742,1.60226494,577.42807853,13.059563,4514.82952232,50.51626455,28.19154602,1.1874961,88.12937359,9.50907437,28.55373178,59.02171306,1.1874961,1732.80604592,33.05155839,39.28969848,950.77556407,23.5843187,4.91798009,4.8116778,655.95700001,3.81219865,1.07287187,0.83154907,0.35664025,117.6948129,1.1874961,655.95700001,0.00065528,4842.2179675,2356.97816779,0.04628253,5.35971112,3.20911257,146.99998127,119.33174224,4.16663501,0.85238803,18.64351046,16.96496622,203.78610482,3.26657963,1068.74854968,75.57666394,16.96496622,1.48648239,1955.74199347,1.1874961,6.17156813,1180.86225027,25.45333221,1.60304406,693.55926634,527.17732527,3.69053382,1.68194687,100.58505775
2021-08-04,7.65039546,114.61684976,491.96774998,1784.25424834,1351.28098518,10.04191323,236.5704319,1.95583,86.60395737,128.90176325,0.85218636,4207.04528487,734.75627943,210.41098167,51.6901371,17.36495688,11568.7416536,2.46196406,141.01162974,12130.28250671,7.07974543,916.49687156,1.0,10.19166827,13.50912708,2744.61165538,24.73454619,8197.03926034,16.9963684,67.62540525,295.8081315,0.85218636,21.16654752,2.01090345,1.59861025,0.8391617,1.95583,10.58470702,354.44557612,52.30013291,4.34671557,765.67464178,159.59515986,193.98650025,0.85218636,9.20401161,60.52085751,4.4384434,26998.50687788,10.35636794,8.03914314,10.46408479,49740.86483196,,247.45787861,183.37966635,12625.97748093,3372.62782708,4.54871692,16.9963684,4.13518197,0.97053552,94.82166875,2.98981517,110.27,25.44949242,486.8567666,0.44502793,2.11853104,61.62305161,11318.27004469,121.51300956,4.99584811,9.17696938,41.64257685,8.17836457,22.80100494,17.75377362,4620.1160912,7.4365295,16960.96047506,0.4550884,1.18358491,2334.65401417,2.66341219,3.029194,31.85755609,42.848089,87.72107605,100.50392789,4.30824906,9.46826794,18.15072466,2.38805273,1488.78604755,131.75011845,129.79329891,502.43593139,4702201.61822913,1.59861025,569.38693361,12.98276534,4517.03405891,50.22191842,28.14582745,1.18358491,87.72107605,9.48013196,28.47957583,58.99294188,1.18358491,1727.30475862,32.86364914,39.21633377,947.23009489,23.63060549,4.91796916,4.83403683,655.95699998,3.80359942,1.07392498,0.83021588,0.35532942,116.93457279,1.18358491,655.95699998,0.00065333,4829.59927798,2350.03511576,0.04659493,5.34096607,3.19856272,147.99700398,119.33174224,4.15352835,0.85218636,18.58315389,16.9963684,203.08449863,3.28168903,1065.13654792,75.32243364,16.9963684,1.48320774,1950.29644782,1.18358491,6.11892224,1173.78092404,25.30889933,1.60188907,691.36287679,525.44217019,3.66322596,1.67874451,100.26250824
2021-08-05,7.64308207,114.44649332,491.96775001,1782.38189853,1351.14178099,10.09011039,236.25976649,1.95583,86.52285628,128.72856959,0.84921798,4192.73592534,734.08130008,210.203638,51.70324023,17.39862994,11550.04125857,2.45550876,140.8354276,12099.43760187,7.09878309,919.81209883,1.0,10.1981621,13.49667948,2741.79786678,24.50530039,8202.53270415,17.16290353,67.56917524,295.35482926,0.84921798,21.12506211,2.00880715,1.59852717,0.83828111,1.95583,10.57136423,353.38190754,53.18103331,4.34215424,764.58468845,160.06398758,194.06555294,0.84921798,9.19534324,60.46943631,4.43378582,26975.32302292,10.34550024,8.02674419,10.43925406,49687.45765479,,247.2581455,183.04819427,12545.26079791,3370.98361864,4.54783491,17.16290353,4.1309628,0.96952056,94.49593536,2.98993601,110.27,25.40017968,486.56887708,0.44456092,2.11619276,61.56796206,11300.64386915,121.48142519,4.98881737,9.16928489,41.58286463,8.16877297,22.79706741,17.73514327,4632.50773908,7.43689359,16981.38006299,0.45461084,1.18234288,2337.58561424,2.65657122,3.03421623,31.81011278,42.80138691,87.61146351,100.40155828,4.3037281,9.48099008,18.21141252,2.38519221,1487.22375435,131.36124392,129.88960968,503.64632633,4698534.12853939,1.59852717,568.96063214,12.98117976,4622.7731859,50.42000625,28.12090668,1.18234288,87.61146351,9.47120354,28.46149535,59.44251255,1.18234288,1725.40509867,32.86791947,39.45890718,955.85653771,23.58735536,4.91375478,4.81693406,655.95700001,3.80158333,1.07333109,0.82964796,0.35535764,117.53397002,1.18234288,655.95700001,0.00065644,4822.181119,2347.20963673,0.04709565,5.33306189,3.19518219,147.78967764,119.33174225,4.14919996,0.84921798,18.56554118,17.16290353,202.93577136,3.27497383,1064.04405844,75.28958048,17.16290353,1.47887193,1947.78788336,1.18234288,6.20246118,1191.21719342,25.22712755,1.60078862,687.27749277,524.8609522,3.65046415,1.67786259,100.1578725
2021-08-06,7.6269142,113.96159138,491.96774998,1773.41284221,1348.04555923,10.14942393,234.67837445,1.95583,85.95301199,127.9839979,0.84791132,4158.14506001,729.57441957,209.39290004,51.38898145,17.22934292,11478.44646118,2.44269679,140.63770035,12003.55983468,7.06116282,927.62429116,1.0,10.19110232,13.32145771,2728.63075852,24.39554376,8150.49132135,17.21548732,67.1786609,294.08188268,0.84791132,20.91553175,1.99985474,1.5934337,0.83406282,1.95583,10.55426113,353.93263166,52.88272081,4.32030425,750.7907067,159.24609051,192.19243609,0.84791132,9.1520451,60.16441291,4.41147473,26970.26773884,10.29344104,7.98167197,10.45481208,49438.30014619,,247.01664329,181.85617693,12491.44531538,3353.42379772,4.574306,17.21548732,4.12310257,0.96462936,93.87422777,2.95864338,110.26999999,25.41120233,484.06245448,0.44232387,2.102806,61.32967509,11246.59125142,121.51846241,4.96302413,9.1161051,41.32191184,8.11979837,22.6575935,17.64589893,4666.39990425,7.43855739,16985.96347547,0.45232321,1.17639326,2336.43019925,2.64587798,3.0499283,31.58336948,42.5375323,87.48846056,99.71356939,4.28207147,9.37361969,18.18216498,2.37150161,1479.73995213,129.64159473,129.66622726,499.71913194,4692362.29075058,1.5934337,579.35625452,13.05624071,4595.61134125,50.66404213,27.93618497,1.17639326,87.48846056,9.42660645,28.24752203,59.44718791,1.17639326,1716.85858009,32.73019263,39.35036058,952.28939329,23.5798925,4.9134335,4.79789574,655.95699997,3.794762,1.07618784,0.82599183,0.353858,117.58055681,1.17639326,655.95699997,0.00066727,4796.11145894,2331.63541163,0.04832175,5.30662328,3.17922003,147.82436485,119.33174224,4.12771149,0.84791132,18.46968061,17.21548732,201.68222607,3.25576069,1058.70838814,74.71171973,17.21548732,1.47700966,1937.07372688,1.17639326,6.15512403,1185.68190422,25.19518033,1.59916264,680.06814011,522.24396283,3.63832867,1.67841374,99.72705465
2021-08-07,7.62629201,113.9918431,491.96775,1773.35408588,1343.24171648,10.13635483,234.75378817,1.95583,86.42822484,127.9825772,0.84791824,4163.73175263,730.13665021,209.38610195,51.42504658,18.3224964,11458.01110857,2.44273513,140.43448035,12003.15505886,7.00527205,927.12744951,1.0,10.20095806,13.32101635,2726.21392052,24.52104632,8173.48987778,17.20326609,67.22585574,290.84472393,0.84791824,20.91917373,1.99979347,1.5932762,0.83403519,1.95583,10.5260474,353.88326854,52.8810489,4.32016111,750.7570762,160.05483865,192.05556617,0.84791824,9.15189637,60.16253135,4.41132857,27015.21347077,10.2931,7.91127161,10.45993607,49436.64398823,,247.00854082,180.29452023,12490.80205675,3353.40339439,4.57587008,17.20326609,4.12312076,0.96461516,93.87084786,2.95853094,110.27,25.38982992,484.08042174,0.44230921,2.10273403,61.61156009,11276.33574864,121.09579564,4.96371893,9.11615776,41.31863981,8.12262951,22.7433533,17.64531429,4666.73097607,7.43673286,16884.25904831,0.45230822,1.17635429,2336.47424877,2.64579434,3.04983399,31.80979361,42.68172118,87.36204065,99.6149825,4.2819296,9.37330913,18.41990765,2.37062945,1479.6909257,129.63717164,129.71350843,499.29425345,4732960.06920958,1.5932762,579.49278576,12.94072711,4595.66999697,50.67387202,27.91825716,1.17635429,87.36204065,9.42645326,29.40252806,59.29595429,1.17635429,1716.77690188,32.76495449,39.35548762,958.01107529,23.57833426,4.91264343,4.81636635,655.957,3.79867491,1.07594152,0.82594662,0.35438835,116.88087578,1.17635429,655.957,0.00066725,4786.65420769,2325.42084042,0.04832015,5.29923046,3.17616141,147.33603164,119.33174224,4.12757545,0.84791824,18.45996892,17.20326609,201.67581813,3.27760608,1058.71421207,74.70925206,17.20326609,1.47612278,1935.75886853,1.17635429,6.16551578,1164.53285106,25.14298942,1.59921126,680.05425445,522.22670357,3.63811266,1.67807924,99.72375051
2021-08-08,7.61716261,114.2159276,491.96775,1772.80696915,1346.43988333,10.14916559,235.68846218,1.95583,86.39437723,128.24692623,0.84809509,4176.29966924,731.57026935,209.09726291,51.63897919,17.3921307,11492.8121795,2.43833825,140.32865446,12070.09203565,7.06456232,926.86863856,1.0,10.19826234,13.4663327,2726.46724317,24.50740762,8184.35551361,17.24297202,67.38298368,293.97963086,0.84809509,21.07328837,1.99798394,1.59401434,0.83377787,1.95583,10.57075533,354.08645537,53.05842393,4.31882825,761.00267131,159.52180087,192.11013402,0.84809509,9.15118779,60.1437417,4.40996758,26896.11602459,10.28992436,8.00522156,10.47367059,49418.88457277,,246.49781297,182.01341082,12507.60571274,3355.88634203,4.5765838,17.24297202,4.1083207,0.96431867,93.97539104,2.95902445,110.27,25.40315785,483.91050984,0.44217275,2.10458965,61.62189456,11277.68104216,121.44877624,4.96721461,9.14187167,41.45959674,8.14446505,22.76472962,17.63987034,4665.27656261,7.43738166,16909.37638784,0.45216868,1.17599136,2323.51642708,2.64862731,3.02722794,31.50495963,42.64540782,87.29620806,99.93770702,4.28060854,9.36299685,18.06333851,2.37784393,1479.23441018,131.29516642,129.62129325,500.04937075,4693090.19227664,1.59401434,565.5431605,13.01684227,4613.2017658,50.7336015,28.0088503,1.17599136,87.29620806,9.42572342,28.39354967,59.21460635,1.17599136,1716.10319615,32.74395141,39.32623395,959.15228434,23.5831192,4.9127178,4.81451299,655.95700001,3.7919373,1.07615665,0.82723423,0.35382168,117.63556346,1.17599136,655.95700001,0.00067098,4807.71807161,2338.05000345,0.0491359,5.32651391,3.17801194,147.80505516,119.33174224,4.12626466,0.84809509,18.52364405,17.24297202,201.82312756,3.25466092,1058.30424739,74.81774395,17.24297202,1.47726508,1942.28298185,1.17599136,6.15959373,1185.7950327,25.10726794,1.59903267,681.76322496,522.01575098,3.64541812,1.67537836,99.69035735
2021-08-09,7.60700755,113.8543083,491.96775,1769.7823426,1347.96768617,10.1610237,234.51527228,1.95583,86.45001978,127.8226092,0.84779192,4152.03160561,728.90729098,208.70133769,51.35247335,17.19431501,11491.00813762,2.4515119,140.51281337,12025.75531371,7.03467728,922.33290142,1.0,10.22003287,13.40882217,2723.02640965,24.49431209,8144.84049678,17.34655817,67.22205611,293.48641941,0.84779192,20.93774538,1.99457437,1.59279585,0.83235534,1.95583,10.53157948,353.0239171,52.88401617,4.3114598,759.68066743,158.85857433,192.96505522,0.84779192,9.13668153,60.04150921,4.40244364,26948.59327248,10.27236849,7.9734532,10.50444887,49337.05083897,,245.56116398,181.64717864,12459.71258359,3345.75735305,4.56438796,17.34655817,4.10133996,0.96266581,93.83732932,2.9525026,110.27,25.37175536,483.13398955,0.44141835,2.10143266,61.57063677,11245.97712081,121.19625361,4.9641929,9.11029895,41.29466448,8.11588553,22.6591669,17.60977455,4694.16971963,7.43728161,16889.7527162,0.45139722,1.17398497,2316.74664656,2.64352201,3.02599672,31.3685957,42.54186336,87.41077037,99.66876026,4.27330529,9.4104674,18.0324421,2.36968373,1476.7106545,131.06965241,129.52672134,501.29396005,4695792.20342442,1.59279585,564.60674242,12.99955621,4594.05800102,49.85348176,27.90741062,1.17398497,87.41077037,9.41078198,28.28372023,59.14488759,1.17398497,1713.28969649,32.68339512,39.29459681,957.03356555,23.57062592,4.91382564,4.82719584,655.95700001,3.78113567,1.07958576,0.82660289,0.35312388,117.58997725,1.17398497,655.95700001,0.00067773,4804.04013652,2330.38493348,0.04975861,5.30531569,3.17249827,148.0038477,119.33174224,4.119237,0.84779192,18.4297174,17.34655817,201.51868825,3.25661959,1056.53553014,74.77232861,17.34655817,1.47678274,1936.1116094,1.17398497,6.14483052,1184.95016844,25.06441945,1.60250629,680.13634333,521.15017314,3.63920025,1.68245233,99.53085857
2021-08-10,7.59815129,113.73805797,491.96775002,1767.17067719,1353.1261994,10.09223116,234.1175358,1.95583,86.75013501,127.89226323,0.84754092,4144.58023444,728.53839732,208.38974613,51.30554994,17.16903946,11472.71981851,2.44664623,140.26954833,12025.5881855,7.06074328,913.11718034,1.0,10.21748899,13.37090119,2718.56724231,24.49621335,8124.64270077,17.3733382,67.05842836,293.05344894,0.84754092,20.87591897,1.99163186,1.59291732,0.83112704,1.95583,10.53230495,353.84090424,52.80702305,4.30509739,758.45974207,158.63159251,192.54380929,0.84754092,9.12304004,59.95256827,4.39594696,26841.2186102,10.25720957,7.96366037,10.4634935,49264.2003795,,245.16050172,181.32503482,12478.03631131,3335.82454287,4.57938283,17.3733382,4.09529978,0.96124348,93.69900676,2.95194144,110.27,25.38516876,482.46294118,0.44076695,2.09833191,61.56642014,11235.55299315,121.10546118,4.96764181,9.09443356,41.22388991,8.09784661,22.61747825,17.58378783,4651.29755832,7.43707966,16876.34362305,0.45073109,1.17225252,2312.22924982,2.64196702,3.00502502,31.40450555,42.4545957,87.25943908,99.5125104,4.26699918,9.34052798,18.0527347,2.36548299,1474.53147458,130.96093884,129.70652171,498.88024019,4695596.88189544,1.59291732,563.77096091,13.06682202,4586.70471995,50.25048445,27.85401633,1.17225252,87.25943908,9.39673124,28.23477305,59.07727117,1.17225252,1710.80129013,32.64631146,39.13419786,955.10756958,23.55179364,4.91492622,4.7833238,655.95700003,3.78219577,1.08108095,0.82591216,0.35278294,117.61670806,1.17225252,655.95700003,0.00067638,4789.95353661,2327.12732684,0.05008092,5.29606827,3.16785359,148.04147908,119.33174225,4.11315808,0.84754092,18.40365782,17.3733382,201.224677,3.2525207,1054.98010945,74.66284327,17.3733382,1.4684579,1931.84746611,1.17225252,6.08399742,1182.78698937,25.09864812,1.5961123,678.73594991,520.37756127,3.63383039,1.67287615,99.39447393
2021-08-11,7.60430939,113.84714429,491.96775,1769.92540615,1359.73174801,10.13679844,233.71985393,1.95583,86.15235071,128.01899134,0.84659438,4133.19720228,729.41179752,208.73581391,51.16577883,17.28005664,11502.39923836,2.44388212,140.09673759,12041.20557691,7.05479273,905.69517254,1.0,10.19708851,13.40219646,2723.1097906,24.51632588,8132.32807734,17.20885393,67.14784633,293.29801944,0.84659438,20.89266827,1.99473677,1.59318419,0.83242263,1.95583,10.55996244,353.70477117,52.86177848,4.31180833,759.70052645,159.05997352,192.98485048,0.84659438,9.13437366,60.04595044,4.40279952,26884.23007696,10.27319887,7.96975622,10.40143157,49338.49166992,,245.55715023,181.50771796,12531.17456611,3346.49974464,4.58033439,17.20885393,4.10169837,0.96273283,93.92535659,2.95027929,110.27,25.39245066,483.23317741,0.44145403,2.1013087,61.66800499,11261.14960829,121.25104358,4.97321136,9.10456595,41.27880737,8.10727123,22.62890239,17.61119807,4629.19346354,7.43734927,16883.51537374,0.45143371,1.17407987,2318.36927716,2.64275608,3.01493842,31.42547045,42.51498947,87.15193629,99.64866033,4.27365073,9.41144228,18.09674531,2.36836841,1476.83002707,131.06224042,129.61818929,499.31030597,4888976.57147515,1.59318419,564.64249351,13.07583426,4595.81435301,50.07415656,27.89056801,1.17407987,87.15193629,9.40840487,28.27343562,59.12560672,1.17407987,1713.28563838,32.6559326,38.94155851,956.18539615,23.41111613,4.91488605,4.80898904,655.957,3.79289855,1.08209195,0.82650711,0.35312458,117.58158607,1.17407987,655.957,0.00067094,4793.28599819,2329.58638034,0.05012858,5.30632865,3.17274068,148.00110287,119.33174224,4.11956867,0.84659438,18.4326179,17.20885393,201.51138165,3.25777762,1056.58525576,74.70645244,17.20885393,1.4682442,1933.7044524,1.17407987,6.12809167,1182.59655845,25.06870098,1.59384449,679.47933161,521.1605586,3.6366722,1.66881881,99.56214712
2021-08-12,7.60543671,113.85963914,491.96775,1769.65914992,1370.56543864,10.06482034,234.17553651,1.95583,86.33596423,128.182495,0.85004658,4149.22212814,729.70210781,208.71003454,51.25517892,17.27107714,11465.4752619,2.44539556,140.19123592,12058.71723936,7.06008053,909.54498872,1.0,10.19459461,13.39999889,2722.34985536,24.51466268,8123.87360455,17.35947973,66.98669941,293.25363742,0.85004658,20.8819345,1.99443675,1.59466018,0.8322974,1.95583,10.54765511,352.91004622,52.8568624,4.31115969,759.52825626,158.85578012,192.82176795,0.85004658,9.13524323,60.03733254,4.40213719,26797.60302705,10.27165344,7.97087566,10.39014998,49332.73763167,,245.29382164,181.40468923,12511.07139416,3350.89460283,4.57493204,17.35947973,4.10102637,0.96259853,93.92998793,2.94086494,110.27,25.37979983,483.0598627,0.44138762,2.1010157,61.65899849,11246.17419319,121.29171658,4.97190257,9.09463262,41.23501368,8.09868873,22.6680221,17.60854876,4529.62081429,7.43686427,16878.97218233,0.4513658,1.17390325,2316.92278616,2.64450314,3.01470679,31.40998743,42.45832726,87.21072219,99.5741976,4.27300783,9.46711167,18.00516199,2.36618655,1476.60786223,131.10272119,129.59989668,498.2730282,4895508.95334398,1.59466018,564.58520211,13.06177021,4577.72412946,50.36597702,27.86573986,1.17390325,87.21072219,9.40930052,28.24505613,59.14922465,1.17390325,1713.09633056,32.69977986,38.98931174,954.93116502,23.42004015,4.90878494,4.80179619,655.957,3.78183942,1.08367852,0.82660411,0.35329929,117.59497435,1.17390325,655.957,0.00066902,4785.73064424,2327.6788079,0.05046418,5.3076802,3.17239941,148.01165607,119.33174224,4.11895129,0.85004658,18.43182104,17.35947973,201.48308399,3.25838441,1056.46923449,74.71101245,17.35947973,1.46983034,1932.77435996,1.17390325,6.16759623,1182.47168952,25.16473333,1.59893512,678.61332271,521.09706067,3.66241713,1.67544059,99.53648349
2021-08-13,7.64084676,114.5118542,491.96774999,1778.24529884,1371.16151403,10.05320005,235.36503344,1.95583,86.75165959,128.80263317,0.8504724,4168.89379597,732.9472244,209.96801893,51.53006048,17.27632609,11512.45085805,2.45722888,140.73678024,12066.69165436,7.07156069,915.25172316,1.0,10.19203148,13.35873855,2734.85322542,24.61797784,8158.75956858,17.3722652,67.31251009,294.87907984,0.8504724,20.99753366,2.00529142,1.59789107,0.8363356,1.95583,10.59650575,352.29171887,53.11657959,4.33207686,752.66733726,159.53097831,193.72098788,0.8504724,9.18017876,60.32851314,4.42349577,26937.30116081,10.32149013,8.00914661,10.38306892,49573.02000205,,247.70074113,182.39737639,12588.96182627,3362.57798484,4.56775632,17.3722652,4.12092651,0.96727842,95.36295149,2.93725105,110.27,25.39745991,485.40525853,0.44352918,2.10855356,61.95091382,11300.06205115,121.87289511,4.99848816,9.13690174,41.42502766,8.13564991,22.75947921,17.69398307,4533.31680742,7.43748764,16941.38624497,0.45355577,1.17959887,2342.24197382,2.66272858,3.06550628,31.60472185,42.63397294,87.55009657,100.02227433,4.29373989,9.51335677,18.23172571,2.3772364,1483.77216559,130.77921345,129.28551948,502.50563222,4912638.84059196,1.59789107,580.37322479,13.12988117,4600.48698014,50.03320468,27.99551612,1.17959887,87.55009657,9.45558412,28.31677008,59.43426983,1.17959887,1721.54064203,32.82816927,39.30420669,959.06888493,23.4480013,4.91143098,4.82888713,655.95699999,3.79317895,1.08032982,0.83045923,0.35499934,118.1672934,1.17959887,655.95699999,0.00066279,4811.37621401,2339.84266765,0.04968822,5.33396644,3.18789022,148.00339123,119.33174224,4.13896365,0.8504724,18.51437361,17.3722652,202.23544322,3.27921898,1061.64333167,74.95207516,17.3722652,1.47621659,1941.78917442,1.17959887,6.19165207,1185.77133235,25.20956117,1.60058343,681.50306425,523.64224823,3.67293226,1.67517667,100.02042813
2021-08-14,7.64081501,114.53802901,491.96775,1778.26810064,1370.47863709,10.05173209,235.3678142,1.95583,86.47095916,128.9898668,0.85061618,4170.61918675,734.93071813,209.97087268,51.18823065,17.80851697,11545.91413107,2.45716914,140.76940665,12067.02726565,7.02145128,915.25660214,1.0,10.19264063,13.35890984,2733.75713778,24.53670446,8195.02839683,17.37329248,67.30958046,290.99995694,0.85061618,20.6849405,2.00532248,1.59820112,0.83634632,1.95583,10.56253909,352.34906457,53.11719314,4.3321324,752.40097798,160.40155611,193.83180545,0.85061618,9.18090676,60.32922257,4.42355249,26981.07831042,10.32162247,8.00811736,10.36642334,49573.65398749,,247.70466324,181.68159588,12589.06671543,3362.62704349,4.56776479,17.37329248,4.12097935,0.96729304,95.37050491,2.93723999,110.27,25.39966436,485.42447631,0.44353486,2.10856079,61.87517573,11320.53302624,121.61507019,4.99848984,9.12955026,41.42593088,8.1452478,22.86052479,17.69420996,4532.29412283,7.43743572,16966.29193545,0.45356158,1.179614,2342.47290503,2.662764,3.06555279,31.70196328,42.81959313,87.57039294,99.89777611,4.29379495,9.51347876,18.47073391,2.37715606,1483.79119147,130.7807011,129.30108667,500.91812651,4845268.44181813,1.59820112,580.57976152,13.13007741,4600.54157391,50.1027875,28.01609536,1.179614,87.57039294,9.45633397,29.42625443,59.53896913,1.179614,1721.56047573,32.85326978,39.33390032,960.7212059,23.44792613,4.9118422,4.82894547,655.957,3.79421592,1.07984597,0.83050272,0.35460239,118.16867655,1.179614,655.957,0.0006629,4810.25267464,2332.02492273,0.04968886,5.33107986,3.18512006,148.37024517,119.33174224,4.13901308,0.85061618,18.4986693,17.37329248,202.23795831,3.29403711,1061.65269529,74.95295611,17.37329248,1.47633949,1940.90233508,1.179614,6.18702568,1167.90049101,25.25395217,1.60090749,681.51001838,523.64896943,3.67306488,1.67570355,100.02171065
2021-08-15,7.63901482,114.26889611,491.96774998,1777.69022457,1372.81394542,10.04710326,234.62976581,1.95583,86.39285299,128.4282465,0.85107943,4155.91836699,732.79820961,209.63413127,51.25708691,17.28651649,11503.4908294,2.46151897,140.61773933,12093.62144077,7.07168692,914.97770374,1.0,10.19835856,13.40801651,2734.17053732,24.57873557,8149.73634061,17.38652518,67.26339701,294.72147425,0.85107943,20.98520569,2.00348666,1.59929359,0.83607454,1.95583,10.56522747,352.47452261,53.07966179,4.33072461,762.68285906,159.50241032,193.73301366,0.85107943,9.17798317,60.30946258,4.42211499,26963.02465769,10.3182683,8.00292453,10.39072751,49556.29713104,,246.3206653,182.31453325,12603.89215546,3366.23066801,4.56537331,17.38652518,4.11940657,0.96695265,94.28913707,2.93840633,110.26999999,25.41483779,485.27652749,0.44339073,2.11072708,61.84524219,11302.46929521,121.83653931,4.99986255,9.13346055,41.41163869,8.1334318,22.68114305,17.68845995,4531.11879675,7.43635071,16965.4531163,0.45341419,1.17923066,2332.89232288,2.65131849,3.02645139,31.45654131,42.62550809,87.47604313,99.99438777,4.29239961,9.45268391,18.06045253,2.37640124,1483.30901028,131.79593969,128.97369116,500.83985411,4906479.58316601,1.59929359,567.34810718,13.12329421,4590.93864266,49.9559913,27.98695091,1.17923066,87.47604313,9.45332267,28.32767621,59.55453173,1.17923066,1720.81720479,32.84984291,39.37107373,958.90657656,23.46759713,4.91151885,4.8087088,655.95699997,3.79233181,1.08016029,0.82829143,0.35472333,117.5189068,1.17923066,655.95699997,0.00066325,4811.36095951,2339.33144723,0.04970126,5.32978996,3.18683802,148.00062989,119.33174224,4.13757177,0.85107943,18.51463796,17.38652518,202.39817901,3.27086381,1061.24384718,75.09264405,17.38652518,1.47887513,1940.96200424,1.17923066,6.18999647,1184.6900973,25.23460789,1.60624775,681.28593408,523.45807439,3.66719559,1.67840341,99.98915629
2021-08-16,7.62491617,114.17997783,491.96774997,1774.0296729,1386.08869756,9.95439695,234.76734415,1.95583,86.33899129,128.73570293,0.8517608,4168.61534034,731.04644645,209.19626222,51.00697103,17.23821663,11469.22022958,2.45481249,140.37599323,12065.14813893,7.07804436,925.8646409,1.0,10.19750305,13.39189512,2729.10841504,24.51668193,8137.40162725,17.51283874,67.10127056,294.17582827,0.8517608,20.94662534,1.99936574,1.597785,0.83435293,1.95583,10.55583901,351.77260535,52.98583729,4.32180695,761.36398674,159.17713967,193.63936927,0.8517608,9.1617219,60.18408757,4.41300914,26899.65538392,10.29702132,7.98765665,10.41042165,49455.45039603,,245.61628133,181.86885395,12507.37058954,3360.59943766,4.55923031,17.51283874,4.11145976,0.96497762,94.06165055,2.92171672,110.26999999,25.42529404,484.30893411,0.44247772,2.10646359,61.64111155,11289.78177356,121.5138375,4.98808979,9.10862684,41.30327542,8.11052928,22.36078723,17.65203655,4525.35873209,7.43624213,16917.9507353,0.45248054,1.17680244,2327.42828085,2.65043669,3.02576188,31.48253873,42.49848312,87.32565675,99.72340707,4.28356087,9.4335412,18.12369426,2.370198,1480.25463714,131.55857218,128.63921579,500.36668222,4798786.46219944,1.597785,566.25070683,13.09856473,4589.43950801,49.91878462,27.91533766,1.17680244,87.32565675,9.43657356,28.25623186,59.55672426,1.17680244,1717.39664764,32.80168389,39.36631213,955.96420493,23.45774288,4.91710194,4.80532697,655.95699996,3.79806122,1.07487724,0.82728606,0.35375102,117.30512954,1.17680244,655.95699996,0.00065871,4790.88679477,2331.09282394,0.04930369,5.31995259,3.1802411,148.40990544,119.33174224,4.1292046,0.8517608,18.46741694,17.51283874,202.00109513,3.26866442,1059.08433004,74.94158647,17.51283874,1.48260627,1935.22548673,1.17680244,6.19119359,1183.11419309,25.2144229,1.61018064,679.56851076,522.39517574,3.65388154,1.68999325,99.7202769
2021-08-17,7.59741155,113.8615305,491.96774998,1766.59990203,1371.45660135,9.88650865,233.81291286,1.95583,86.32404221,128.21811323,0.85188894,4149.14452167,727.91185315,208.33333294,50.72114503,17.16265459,11426.71510286,2.46209263,139.98505004,12060.13046589,7.05894878,925.74717339,1.0,10.25884627,13.35535098,2717.55373205,24.46142472,8109.3409739,17.40302012,66.80236819,292.94391952,0.85188894,20.86008843,1.99098791,1.59456766,0.83085859,1.95583,10.5404267,351.39714386,52.79635454,4.30370689,757.96023737,158.69280401,192.53770935,0.85188894,9.12779192,59.93352234,4.39452712,26785.51614792,10.25389661,7.95498864,10.43487244,49248.1395151,,244.56043198,181.12964266,12482.34240475,3349.15620201,4.56212283,17.40302012,4.09380282,0.96096275,93.66900065,2.93460055,110.27,25.45490677,482.80101869,0.44062459,2.09765388,61.34810273,11254.58769572,120.96382801,4.96003175,9.06917359,41.12956762,8.07798851,22.43666723,17.57810848,4546.87935096,7.43657362,16852.38118416,0.45058551,1.1718739,2318.91137542,2.65188773,3.02652322,31.2588039,42.32101017,87.08245726,99.32340759,4.26562099,9.47347892,18.02335341,2.36018638,1474.05521841,130.91312624,128.43432416,498.29280524,4777488.11726543,1.59456766,563.86739661,13.04766912,4573.31146128,49.70655336,27.80330965,1.1718739,87.08245726,9.40162568,28.13520368,59.01992086,1.1718739,1710.31775223,32.65812878,38.87220976,951.95221277,23.39534223,4.92454893,4.79228267,655.95699998,3.79221816,1.07088508,0.82564287,0.35248406,117.58615091,1.1718739,655.95699998,0.00065483,4772.10909052,2321.81518177,0.04924706,5.29932086,3.16696319,148.4865315,119.33174224,4.11194433,0.85188894,18.4156104,17.40302012,201.1590825,3.26739283,1054.67333978,74.59380112,17.40302012,1.47822929,1927.72271182,1.1718739,6.20621762,1178.68889794,25.09144192,1.61294191,676.49080083,520.20321055,3.64996734,1.68922532,99.27472242
2021-08-18,7.57840893,113.5378641,491.96774997,1759.59440716,1371.90277961,9.89283046,232.86878323,1.95583,86.34030317,127.80390119,0.85092622,4117.97372575,724.67844848,207.49394708,50.44662942,17.09555865,11394.03494144,2.45917689,139.57926843,12069.05756711,7.0447875,919.47673187,1.0,10.22069668,13.30040644,2706.88924701,24.38504935,8071.20817736,17.55562607,66.5093457,291.80355209,0.85092622,20.55314908,1.983104,1.59255758,0.8275638,1.95583,10.51938963,350.69857376,52.58502831,4.28664044,754.80038556,158.08410528,191.76895673,0.85092622,9.09344644,59.69404057,4.37710052,26560.174851,10.21323454,7.92279813,10.43392513,49053.29841826,,243.58125569,180.35346486,12459.46692839,3334.2827374,4.56636049,17.55562607,4.07793579,0.95712466,93.29576503,2.92622339,110.26999999,25.4587616,480.78713187,0.43887728,2.08929368,61.29099709,11183.76864887,120.49243968,4.94898627,9.03200038,40.96064664,8.04509428,22.14454677,17.50840206,4494.85489177,7.43667164,16819.68450295,0.44879871,1.1672268,2310.87232947,2.64681332,3.02462629,31.08206023,42.15161614,86.83002702,98.93538672,4.24870557,9.35791614,17.95520736,2.35063255,1468.20981659,131.35942977,128.60158106,497.40841772,4680347.74531121,1.59255758,561.72816778,12.99615786,4556.73470441,49.92664531,27.69292558,1.1672268,86.83002702,9.36624984,28.01169732,58.95967765,1.1672268,1703.23386025,32.5978756,38.97103338,947.99629836,23.45606587,4.92375464,4.78272624,655.95699996,3.77787837,1.07409058,0.82389139,0.35123785,117.57353281,1.1672268,655.95699996,0.00065587,4759.3832645,2312.84759228,0.05030861,5.27919903,3.15442639,148.39941687,119.33174224,4.09576167,0.85092622,18.3269581,17.55562607,200.34659326,3.25970798,1050.48634606,74.28218756,17.55562607,1.4818107,1919.89115163,1.1672268,6.28046555,1173.60431963,24.99811309,1.62045983,674.45270674,518.15953362,3.64728317,1.70394468,98.74770859
2021-08-19,7.59710337,113.68160392,491.96775002,1761.58692038,1376.4925554,9.96824308,233.03609563,1.95583,86.73947771,127.96105212,0.85727326,4131.64569022,724.87181387,207.739207,50.41717839,17.12251268,11424.6323562,2.47622719,139.79683478,11994.14065762,7.05915527,919.06159904,1.0,10.28391609,13.31446379,2709.93797385,24.46570847,8078.87775046,17.77336246,66.57334724,292.12965621,0.85727326,20.58404285,1.98535703,1.59334972,0.82850091,1.95583,10.51720262,350.85627808,52.64927545,4.2914945,754.17699,158.2855059,191.97761916,0.85727326,9.10423092,59.76161801,4.38205702,26623.75231968,10.2247997,7.93288959,10.56569356,49109.70066049,,243.96247222,180.30906514,12434.81873141,3334.69215101,4.58141827,17.77336246,4.08315212,0.95820688,93.40269893,2.93769546,110.27,25.52584956,481.09096421,0.43937425,2.09157249,61.6512505,11204.13465539,121.47320319,4.95227808,9.0419611,41.01122822,8.06173289,20.69740572,17.52822806,4523.86328352,7.43665844,16884.12651479,0.44930691,1.16854854,2313.24688434,2.65958979,3.03036625,31.17671615,42.20281927,86.96537156,99.23517706,4.25351668,9.44501597,17.97095623,2.35335178,1469.87237443,132.53768405,128.25504049,498.95270515,4853447.0281525,1.59334972,562.44959941,13.02131694,4563.12099467,50.11187955,27.73484277,1.16854854,86.96537156,9.37735784,28.06781777,58.88033675,1.16854854,1705.16884267,32.71995689,38.96019161,949.11493703,23.55915958,4.93163329,4.79882076,655.95700003,3.79566491,1.07088294,0.82513434,0.35186385,117.68458588,1.16854854,655.95700003,0.00065558,4763.89993945,2314.76987984,0.05029533,5.28953339,3.1578651,149.08916311,119.33174225,4.1005562,0.85727326,18.34688786,17.77336246,200.54371501,3.2511869,1051.72275939,74.35922696,17.77336246,1.50177421,1922.29398909,1.16854854,6.32896403,1175.65821668,25.0333115,1.63562367,675.22150594,518.76475481,3.65392553,1.70951259,98.88408682
2021-08-20,7.60573578,113.7450453,491.96774999,1763.56079041,1374.6665848,9.93695027,233.42571078,1.95583,86.62443743,128.20268415,0.85864471,4136.63652103,725.97536151,208.21831869,50.48766433,17.13355568,11439.66397013,2.47336975,139.72713591,12033.3963032,7.04811921,920.09712697,1.0,10.3023357,13.26941405,2713.11570695,24.44588341,8118.4826223,17.83888492,66.75332868,293.3532742,0.85864471,20.62297156,1.98851478,1.59450636,0.82942925,1.95583,10.52629014,350.24439337,52.80602531,4.29630315,746.07384914,158.42598199,191.96145588,0.85864471,9.11407062,59.77246504,4.38696714,26709.34405232,10.23625666,7.94339096,10.53301027,49163.56463687,,244.91248537,180.09206863,12443.41780306,3335.62233281,4.58236919,17.83888492,4.09283902,0.95928945,93.50720812,2.93489466,110.27,25.56425804,481.62702487,0.43986657,2.0914801,61.72039899,11216.18253855,121.87881861,4.95781213,9.0598476,41.09015193,8.08790382,22.19804148,17.54786856,4529.11145653,7.43556426,16856.42237949,0.44981036,1.1698579,2322.14679674,2.66808228,3.04065358,31.18763941,42.18183582,86.92201301,99.56280669,4.25828277,9.42141583,18.07912677,2.35793262,1471.51937635,131.72397655,128.43219355,500.7646014,4875618.02370695,1.59450636,570.42613901,13.25586753,4584.2103777,49.56624732,27.78606608,1.1698579,86.92201301,9.38749274,28.08795404,58.89086393,1.1698579,1707.21046298,32.72487134,39.00228092,950.09228965,23.82451814,4.93486502,4.78454723,655.95699998,3.78875695,1.07291708,0.82597,0.3523473,117.79734243,1.1698579,655.95699998,0.00065683,4775.60819507,2322.37597678,0.0507969,5.31082064,3.16156539,149.58878305,119.33174224,4.12198501,0.85864471,18.36506129,17.83888492,200.58453489,3.25123782,1052.84179582,74.36262783,17.83888492,1.49929366,1926.1218504,1.1698579,6.29439143,1179.96163238,25.01872622,1.64068257,675.33753969,519.33779603,3.65848549,1.71059398,99.02147015
2021-08-21,7.60692946,113.78524536,491.96775,1763.80768974,1375.11580838,9.94043993,233.19068388,1.95583,86.63699956,128.29213199,0.85875435,4131.44860841,726.8327975,208.26344345,50.61056773,17.12084143,11472.59086421,2.47976227,139.78899997,12042.14296952,6.99875201,920.46324549,1.0,10.30372951,13.27127177,2711.5249762,24.57144736,8136.76880017,17.88393587,66.85464973,292.81429535,0.85875435,20.6238836,1.98888092,1.59448106,0.82954537,1.95583,10.47658524,350.34366348,52.8304418,4.29690464,744.84497286,159.31276535,191.931746,0.85875435,9.1156217,59.78873938,4.38758132,26752.47365555,10.23768974,7.93022015,10.53076142,49170.53404121,,244.97927702,179.31040317,12443.18372667,3335.14855337,4.5827926,17.88393587,4.09502906,0.95942684,93.52029918,2.93678397,110.27,25.57154884,481.69327913,0.43992815,2.09141465,61.5457826,11245.56186855,121.91452322,4.9594777,9.05178014,41.08453871,8.07905728,22.20115375,17.55032527,4530.36195051,7.43606546,16912.28132178,0.44987334,1.17002168,2324.618178,2.66883233,3.04137083,31.3156097,42.48299059,86.96049765,99.28153382,4.25887893,9.42044897,18.32732056,2.35782257,1471.72538974,131.69876111,128.4509766,500.04070422,4814092.57056688,1.59448106,572.67036067,13.25194999,4483.04843131,50.01788653,27.80455554,1.17002168,86.96049765,9.38909036,29.23713442,58.91495132,1.17002168,1707.56124585,32.77232849,39.05113409,952.91173086,23.82534333,4.9328289,4.80877125,655.957,3.78800274,1.07329276,0.82615038,0.35310949,117.44709133,1.17002168,655.957,0.00065675,4760.85297932,2315.74765087,0.05081908,5.30281729,3.15909169,149.69900217,119.33174224,4.13521004,0.85875435,18.34821035,17.88393587,200.59341316,3.27430833,1053.01942462,74.36696861,17.88393587,1.50011476,1925.11588936,1.17002168,6.29301449,1159.33019097,24.98681488,1.64028006,685.65896159,519.40192588,3.66422947,1.7114034,99.03533321
2021-08-22,7.60640542,113.85359165,491.96774997,1766.59964802,1374.9115697,9.95351905,233.88177957,1.95583,86.82966731,128.42532773,0.85896735,4144.61452501,726.09562075,208.32595488,50.65168942,17.16242088,11486.56348071,2.48538028,139.9290661,12045.11222272,7.04299038,921.86172014,1.0,10.29684965,13.33788576,2717.70262826,24.54210001,8123.45245863,17.85699451,66.75381394,293.85181846,0.85896735,20.62592461,1.99098803,1.59381222,0.83085847,1.95583,10.53745402,349.82239016,53.22932897,4.30370627,755.93589519,158.65225211,192.79186508,0.85896735,9.12824378,59.8753096,4.39452649,26846.09402662,10.25389514,7.94409992,10.52775251,49248.32318903,,244.48487143,180.10969298,12484.36615844,3349.23991632,4.57839444,17.85699451,4.09379142,0.96093123,93.66886884,2.93496178,110.26999999,25.56171397,482.45469864,0.44062452,2.09760689,61.75932679,11198.44437037,122.03098533,4.95693716,9.06082894,41.08672523,8.08906364,22.23624383,17.57810595,4539.12183073,7.43657142,16893.57092588,0.45058545,1.17187373,2318.13891292,2.66950216,3.04168927,31.27185982,42.28179225,87.04763054,99.57394314,4.26562038,9.47346969,17.93303586,2.35835524,1474.05500646,133.11203727,128.72682101,500.9222914,4877623.61846495,1.59381222,563.80947159,13.05551483,4579.2052776,49.53893735,27.78446534,1.17187373,87.04763054,9.40209109,28.2852088,58.85010461,1.17187373,1710.26141078,32.77665259,39.04008523,954.42192866,23.81861256,4.94063962,4.82385617,655.95699996,3.79543504,1.07340007,0.82646392,0.35288518,117.77862322,1.17187373,655.95699996,0.00065633,4768.3836633,2321.61051746,0.050453,5.31262027,3.16648764,149.62187424,119.33174224,4.11182858,0.85896735,18.36363024,17.85699451,201.19247637,3.25713228,1054.65680551,74.57803876,17.85699451,1.49717553,1926.27182697,1.17187373,6.33418616,1179.50253007,25.18477821,1.63625902,675.78812376,520.218326,3.6443732,1.71017802,99.1923141
2021-08-23,7.60954774,114.35322645,491.96775001,1769.87874223,1369.99075803,9.90027364,234.29006381,1.95583,86.97597582,128.64323688,0.85574054,4146.71385456,727.90947069,208.71851699,50.70103911,17.19459892,11511.32878996,2.47963213,139.86757064,12045.44303875,7.08531796,920.81181407,1.0,10.23240051,13.3837707,2723.02896195,24.51347015,8130.97038156,17.77721918,66.90829262,294.4335334,0.85574054,20.70725705,1.9947023,1.59304767,0.83240068,1.95583,10.54068122,349.93273794,53.37755648,4.31169465,757.07491991,158.92503954,193.23742627,0.85574054,9.14519803,59.9868623,4.40268344,26841.05121013,10.27292802,7.96314212,10.46587462,49338.45876186,,244.92681597,180.99497479,12484.11462521,3350.69743193,4.58246973,17.77721918,4.10236704,0.9626785,93.84276134,2.94092936,110.27,25.54517445,483.23195287,0.44144239,2.10146295,61.63349243,11234.62879485,121.75952134,4.95154881,9.08305505,41.18259302,8.10078653,22.27751789,17.61073375,4557.65442693,7.43680683,16888.49414376,0.45142181,1.17404892,2318.19795063,2.6636027,3.02859196,31.3319927,42.38187542,87.0093752,99.83367895,4.27353806,9.48891493,18.09693344,2.36405102,1476.79109058,132.47018517,128.84598992,498.89889168,4878568.45324825,1.59304767,574.37978683,13.28193269,4596.80503973,49.75319605,27.86550427,1.17404892,87.0093752,9.41955397,28.36783002,58.8582992,1.17404892,1713.35116699,32.80983583,38.89446396,956.80990623,23.84929542,4.93029168,4.81746292,655.95700001,3.7881426,1.07195943,0.82686292,0.35329266,117.58390343,1.17404892,655.95700001,0.00065122,4783.99435923,2327.02744439,0.04979795,5.32300154,3.17218187,150.12331839,119.33174224,4.11982044,0.85574054,18.43295988,17.77721918,201.60868967,3.27104265,1056.54441214,74.78701516,17.77721918,1.48576471,1930.54409313,1.17404892,6.31701807,1182.16677456,25.14166023,1.62628913,678.09245278,520.70083012,3.65143217,1.70233696,99.30506081
2021-08-24,7.60333003,114.26353308,491.96775,1769.22577402,1369.90075097,9.8835994,234.02374945,1.95583,86.70240843,128.61641549,0.85571955,4147.51465416,728.07577105,208.64657714,50.70546129,17.15976956,11497.82767973,2.46749949,139.95597172,12085.77785324,7.08297648,918.45876647,1.0,10.22920848,13.37685067,2721.74887062,24.71609846,8130.84497378,17.6588365,66.89088484,294.27951466,0.85571955,20.70334063,1.99399213,1.59045763,0.83209358,1.95583,10.54902204,348.2164118,53.40715774,4.31010392,756.96233778,159.16907312,194.05432601,0.85571955,9.1356256,59.96626363,4.40105914,26841.3411412,10.26913799,7.96554194,10.39048623,49321.60012662,,245.01073241,180.11824846,12487.88677293,3348.31091198,4.57452013,17.6588365,4.10039558,0.96236805,93.80789193,2.94065647,110.27,25.54146436,482.54731588,0.44127953,2.10059975,61.57748516,11245.51148783,121.67109818,4.94667959,9.07595803,41.18499943,8.09043642,22.26929896,17.60423656,4538.29587306,7.43682853,16911.71688119,0.45125526,1.17361577,2320.85708797,2.65559891,3.017954,31.32306362,42.39291328,87.0643681,99.92980333,4.2719614,9.4846445,18.06171416,2.36319455,1476.24625234,131.89364865,128.87668531,498.35687802,4878802.89079199,1.59045763,574.69093435,13.23115165,4594.66770754,49.74915243,27.87121534,1.17361577,87.0643681,9.40969437,28.35846773,58.8632623,1.17361577,1712.66015123,32.80683043,38.64051699,955.84611315,23.73776714,4.93047784,4.80576443,655.957,3.77656341,1.0739052,0.82663982,0.35318456,117.55813587,1.17361577,655.957,0.00065319,4785.76963474,2326.84221492,0.04952889,5.31905812,3.17119706,149.39764655,119.33174224,4.11874063,0.85571955,18.42448914,17.6588365,201.62102066,3.26640927,1056.24563659,74.74367967,17.6588365,1.48061591,1930.17656753,1.17361577,6.15854351,1181.64090802,25.20303285,1.62093296,684.40877496,519.35208279,3.65007228,1.69115716,99.33187044
2021-08-25,7.62551101,114.56232379,491.96775001,1773.27755649,1376.5112438,9.8676746,234.30284777,1.95583,86.96236531,128.86280427,0.85550472,4171.34023785,730.31202183,209.14579853,50.4700037,17.130967,11506.16364809,2.47296649,140.26528918,12122.35132835,7.08704946,922.1222055,1.0,10.22657248,13.40112673,2728.08722036,24.50360113,8144.83062551,17.61039544,66.91572879,294.90855073,0.85550472,20.77177224,1.99861377,1.59173643,0.8339992,1.95583,10.549262,348.44178363,53.48509039,4.31997468,757.78759315,159.21846084,195.06189393,0.85550472,9.15705885,60.15265197,4.4111382,26870.80727793,10.2926558,7.97737017,10.37553618,49433.82547956,,245.5689226,180.3968787,12512.35235416,3356.52543912,4.57358074,17.61039544,4.1102979,0.96457917,94.02305931,2.94668445,110.27,25.55829585,484.20040013,0.44229012,2.10522129,61.62182858,11266.63239393,121.7279129,4.92993309,9.09583627,41.24130135,8.11253335,22.32029887,17.6445528,4546.67748566,7.43656933,16966.51629096,0.4522887,1.17630352,2328.05717329,2.65381822,3.01994605,31.43252344,42.46269183,87.25678954,100.15397344,4.28174481,9.50206657,18.05525786,2.36842496,1479.6270694,132.08147934,129.32775718,500.49588569,4887949.7051963,1.59173643,577.62958802,13.25663122,4592.23409082,50.24519155,27.93714899,1.17630352,87.25678954,9.43177062,28.47375698,58.73406009,1.17630352,1716.67277748,32.8769031,38.52434505,958.0285783,23.83631865,4.92892698,4.8026315,655.95700002,3.79648718,1.07579733,0.82786727,0.35403231,117.5893355,1.17630352,655.95700002,0.00065755,4787.91687254,2330.70824999,0.04947325,5.3164333,3.17835723,148.5902202,119.33174225,4.13266976,0.85550472,18.46525984,17.61039544,202.03508947,3.27219137,1058.6741703,74.93851943,17.61039544,1.48468745,1934.24751834,1.17630352,6.1306035,1181.63406398,25.21098626,1.62035776,680.32502481,519.11463281,3.67542546,1.68972998,99.6290534
2021-08-26,7.62384712,114.49950742,491.96775,1772.14945316,1374.2327348,9.86729972,234.95061745,1.95583,87.30916434,129.27498311,0.85844516,4161.75378291,731.35401985,209.08948479,50.35782139,16.97444408,11537.18291303,2.47347835,140.12750254,12141.25717015,7.08253025,924.98113107,1.0,10.23339046,13.39849923,2725.13016389,24.50910186,8150.60845528,17.53512387,67.07208276,294.63705084,0.85844516,20.76662865,1.99742005,1.59036442,0.83346863,1.95583,10.55111271,348.91635985,53.62292506,4.31722645,756.02304204,159.75561387,195.68286211,0.85844516,9.15478314,60.12254989,4.40833197,26888.87606089,10.28610794,7.97916097,10.39615044,49401.97383954,,245.9027674,179.15842316,12518.50377,3353.39203361,4.57556873,17.53512387,4.11981496,0.96395363,93.96153122,2.96084293,110.27,25.53298317,483.75823978,0.44200875,2.1030035,61.54828884,11286.61081537,121.88225546,4.92952787,9.09380197,41.34756251,8.11148567,22.3060994,17.63332789,4547.07346647,7.43652115,16964.27664574,0.45200097,1.17555519,2327.9939011,2.6582984,3.0276182,31.55355102,42.62066728,87.17107468,99.99052318,4.2790209,9.47816753,18.08843498,2.36857518,1478.68577726,131.75049991,129.27876222,502.4693217,4884639.76581325,1.59036442,578.27325174,13.19671802,4592.84411132,50.73906126,28.01923429,1.17555519,87.17107468,9.42942664,28.53479611,58.80081534,1.17555519,1715.5968713,32.86057276,38.40001514,957.42129606,23.9297502,4.93424482,4.78204136,655.957,3.79579339,1.07832711,0.82789232,0.35407586,117.57878146,1.17555519,655.957,0.00065425,4795.41618407,2332.91242009,0.04974816,5.32866748,3.17616215,148.82460619,119.33174224,4.12624365,0.85844516,18.44861135,17.53512387,201.9331662,3.26775034,1057.94227043,74.79569326,17.53512387,1.49138355,1934.3105934,1.17555519,6.17724286,1179.89146503,25.20666777,1.62483345,682.74394836,518.72235137,3.6722887,1.69440715,99.57081414
2021-08-27,7.63494884,115.00317701,491.96775001,1778.42362165,1371.2232604,9.84993706,236.53262315,1.95583,86.23883809,129.57158722,0.85679634,4178.51460181,732.67392071,209.98919407,50.26657495,17.27799862,11567.50346086,2.48204861,139.38078744,12159.92299149,7.10165578,923.82807366,1.0,10.19815036,13.36473051,2735.51488399,24.57353801,8176.06944132,17.37534438,67.23854138,295.86111731,0.85679634,20.83841359,2.00550815,1.58783533,0.83641947,1.95583,10.56697543,349.23729531,53.84859277,4.33251128,749.18823434,159.81458237,196.68219833,0.85679634,9.18716584,60.32340954,4.42393936,26883.73768584,10.32252517,8.01183842,10.26141587,49578.00920395,,246.75033766,180.44773908,12553.18217288,3362.67124121,4.57722829,17.37534438,4.13314847,0.96737394,94.29560459,2.96702909,110.27,25.51082374,485.45252651,0.44357365,2.10875565,61.75999661,11310.09157228,121.7084623,4.94301246,9.12749353,41.44556033,8.13676281,18.84478511,17.69575743,4519.23699478,7.43652429,16891.18238777,0.45360125,1.17971716,2342.55561613,2.67146515,3.0428517,31.79058226,42.67180137,86.70655517,100.60874684,4.29417047,9.5137909,18.20783598,2.37676699,1483.92095857,131.6798423,129.57353029,504.09229207,4901717.9831875,1.58783533,582.42372389,13.18107508,4628.02458686,50.34608603,28.09097224,1.17971716,86.70655517,9.46278082,28.31201237,58.8737396,1.17971716,1721.73741703,32.89876036,38.38798822,958.08423608,23.83615312,4.93628235,4.80996075,655.95700001,3.79934509,1.07535461,0.83072037,0.35497278,117.59442052,1.17971716,655.95700001,0.00064923,4812.84917605,2343.02861513,0.04911394,5.34395771,3.18821008,149.43386961,119.33174225,4.15613431,0.85679634,18.52074427,17.37534438,202.62404699,3.27251428,1061.74436101,75.03069985,17.37534438,1.48919894,1941.35095067,1.17971716,6.14036672,1190.65744514,25.21926445,1.61315713,682.11099522,520.58655093,3.69095713,1.68263903,99.92193474
2021-08-28,7.63559271,114.89630114,491.96775,1778.58718391,1370.78465362,9.85236998,235.33192046,1.95583,86.52062601,129.64519488,0.85734896,4170.44038092,737.33308446,210.00859535,50.35590998,16.61076118,11564.93373306,2.48227712,139.3740136,12160.92261575,7.06386888,923.8417794,1.0,10.19725438,13.36595967,2734.37176255,24.54373729,8199.99744736,17.37771882,67.34655986,295.39726548,0.85734896,20.84533221,2.00569481,1.58794632,0.83649639,1.95583,10.57202235,349.26630757,53.85357647,4.33290974,749.16164262,160.59932268,195.65891798,0.85734896,9.18807699,60.32896825,4.42434623,26933.8308035,10.32347453,8.01142148,10.25138915,49582.54917202,,246.77307415,178.53976515,12554.29410074,3363.07166559,4.57738877,17.37771882,4.13352859,0.96746657,94.30427699,2.96726281,110.27,25.5142862,485.51063855,0.44361445,2.10893898,61.60613933,11243.84362641,122.2765097,4.94448841,9.12387544,41.44937816,8.13519239,18.8201385,17.69738491,4517.78114822,7.43730064,16983.81301294,0.45364297,1.17982566,2342.89339401,2.67171094,3.0431324,31.69633727,42.83593624,86.70234127,100.17155358,4.29456541,9.51466589,18.40603664,2.37764609,1484.05743532,131.69190624,129.57119897,503.8906837,4881634.15936994,1.58794632,582.49016787,13.23782035,4628.4604621,50.7515583,28.10055233,1.17982566,86.70234127,9.4637193,29.14844174,58.84980339,1.17982566,1721.86930793,32.93570392,38.43152512,960.66077409,23.82888652,4.936462,4.80102798,655.957,3.7973255,1.07534342,0.83080956,0.35577066,118.03604962,1.17982566,655.957,0.00064909,4801.7778382,2336.56269578,0.04911778,5.33562069,3.18640368,149.65279391,119.33174224,4.15651983,0.85734896,18.50382631,17.37771882,202.64229815,3.29353091,1061.8430567,75.0375534,17.37771882,1.48896514,1941.26929426,1.17982566,6.13753512,1171.41519662,25.14879811,1.61323236,682.17265763,520.63443806,3.69142868,1.68267277,99.9311246
2021-08-29,7.63532334,114.94395192,491.96775001,1779.8361235,1373.93260884,9.8715311,236.72561571,1.95583,86.66551145,129.3235167,0.85714197,4154.07091163,733.69983834,209.90866696,50.36212283,17.22443213,11565.78365846,2.48390789,139.48911056,12194.64221518,7.10844865,924.53166571,1.0,10.19557147,13.4719285,2738.68191154,24.55415875,8185.08128314,17.38736964,67.19407112,296.0567059,0.85714197,20.87071089,2.00590565,1.58961907,0.83708379,1.95583,10.57146026,349.35557712,53.79763051,4.33595235,761.31979161,159.99433721,196.60261833,0.85714197,9.19623704,60.37184649,4.42745304,26934.39887705,10.33072377,8.01825151,10.28290278,49616.08060619,,246.52310717,180.39637354,12555.9961497,3368.3159386,4.57587945,17.38736964,4.13654385,0.96813101,94.37072331,2.97351037,110.27,25.50379124,485.85535328,0.44392596,2.11307749,61.80717286,11298.70956631,122.17622728,4.92624448,9.13448922,41.47832903,8.14273371,18.79167345,17.70981217,4522.65402693,7.43648916,16965.17665154,0.45396152,1.18065414,2331.10152275,2.66025863,3.02364224,31.83324922,42.72171355,86.77394125,100.64188992,4.29758109,9.52138024,18.15469865,2.37877061,1485.09955352,132.09386979,129.59578138,504.45321187,4899099.96971678,1.58961907,581.34131951,13.24714136,4628.20110026,50.32051706,28.11366268,1.18065414,86.77394125,9.47212415,28.3948882,58.93100734,1.18065414,1722.86267576,32.86238049,38.39011604,961.56579057,23.84439983,4.93842616,4.81530041,655.95700001,3.80121901,1.07512139,0.82964998,0.35533732,117.59489272,1.18065414,655.95700001,0.00065035,4817.48150044,2344.08422561,0.04903497,5.34698077,3.19056657,149.40764844,119.33174225,4.14262691,0.85714197,18.52151175,17.38736964,202.82414492,3.27707962,1062.50006123,75.23279701,17.38736964,1.4903686,1942.39397149,1.18065414,6.15180656,1189.50678803,25.26288982,1.61586263,682.62411307,520.98386786,3.67859137,1.68582956,100.00284111
2021-08-30,7.64168677,115.33425211,491.96774998,1781.0068195,1374.70624236,9.90394383,235.86973612,1.95583,86.74736713,129.78565108,0.85773455,4175.73727868,734.12561022,210.0494887,50.31853717,17.20119759,11567.02082801,2.47975438,139.18138897,12198.44935128,7.1288608,924.69141955,1.0,10.18430307,13.47277586,2739.83499485,24.53369898,8193.29186915,17.3387202,67.28776286,296.25668901,0.85773455,20.87084969,2.00722657,1.58876885,0.83763438,1.95583,10.58110533,348.1814039,53.87410822,4.33880434,761.47822076,159.83135542,195.56384938,0.85773455,9.19834411,60.4110121,4.43036522,26980.65332871,10.33751885,8.02168241,10.23825686,49650.86458595,,246.59821065,180.52377682,12597.20779308,3361.0826477,4.56065384,17.3387202,4.1391577,0.96877628,94.43286582,2.9617665,110.26999999,25.57710128,486.17704826,0.44421795,2.11449498,61.63484817,11275.76541122,122.01537567,4.91139109,9.13546645,41.45356865,8.14382731,18.73017719,17.72146089,4508.78195727,7.43628528,16933.6075565,0.45426011,1.18143073,2335.62541237,2.66083812,3.02724588,31.72120275,42.68872189,86.58251258,100.68167272,4.30040784,9.52763962,18.21057926,2.37948338,1486.07638509,132.21590331,129.78361123,504.08541793,4912691.00998657,1.58876885,581.45942866,13.255491,4631.44718344,50.44836537,28.1100787,1.18143073,86.58251258,9.47429443,28.40307619,58.83715602,1.18143073,1724.11811338,32.78552264,38.21709018,958.85520988,23.77738685,4.93586488,4.82296437,655.95699997,3.80035164,1.08177475,0.83027983,0.35539501,117.63222987,1.18143073,655.95699997,0.00065143,4811.23234117,2341.55668286,0.04914214,5.34000857,3.19269977,149.80481821,119.33174224,4.14535181,0.85773455,18.54950311,17.3387202,202.95661647,3.27078441,1063.30653188,75.28408455,17.3387202,1.48992107,1943.74392935,1.18143073,6.12514898,1189.12137495,25.32971963,1.61861148,681.94878616,520.00929356,3.67550226,1.68057628,100.06683966
2021-08-31,7.6292968,115.39113533,491.96774999,1779.70613105,1364.66545182,9.82791182,236.13988594,1.95583,86.66164845,129.90607578,0.85931403,4182.89526704,733.72668428,209.90379947,50.33230319,17.15161636,11567.28691279,2.47063406,138.60834908,12181.20282261,7.13250864,915.20270373,1.0,10.18629921,13.431951,2737.97431997,24.52187455,8180.47324197,17.12332154,67.21278841,296.01871195,0.85931403,20.84060915,2.00576229,1.58753571,0.83702265,1.95583,10.56913444,348.93287682,53.83233036,4.33563567,760.58089136,160.31512012,196.90540824,0.85931403,9.18229107,60.36723645,4.42712968,26956.622325,10.32996925,8.01443061,10.26413142,49612.06841924,,246.41456985,179.11727587,12562.66573576,3364.56183117,4.52435159,17.12332154,4.13614522,0.96805659,94.36374429,2.95327855,110.27,25.41308521,485.79581824,0.44389354,2.11283758,61.49800903,11298.09272951,121.82965626,4.89381886,9.12683985,41.41100044,8.13773284,18.86229482,17.70851872,4448.92621851,7.4367944,16854.04204724,0.45392836,1.18056791,2335.16385675,2.65310389,3.01683128,31.7872792,42.65458424,86.22603364,100.56685075,4.29726721,9.5207915,18.22048016,2.37722486,1484.99108751,132.09338769,130.08219665,503.18198352,4912454.48209635,1.58753571,580.58622117,13.24535858,4621.62161145,50.84355082,28.09830624,1.18056791,86.22603364,9.4577598,28.42366048,59.01066223,1.18056791,1722.70506295,32.68131788,38.1969824,958.54094957,23.7069828,4.93340292,4.82711371,655.95699999,3.78475846,1.08336355,0.82987803,0.35508136,117.56204558,1.18056791,655.95699999,0.00065092,4812.66517969,2340.76076111,0.04946559,5.33354858,3.19035431,148.80862239,119.33174224,4.14232554,0.85931403,18.52952542,17.12332154,202.80686066,3.26703438,1062.45260919,75.24789169,17.12332154,1.48964896,1941.94844207,1.18056791,6.08235829,1187.39812667,25.31257719,1.61406583,681.26259118,519.58308772,3.67141362,1.67676285,99.99603463
2021-09-01,7.65139043,115.67843335,491.96775002,1784.67959922,1375.22588888,9.83059288,235.71890813,1.95583,86.46346321,130.02259945,0.85945799,4178.70384336,735.68245585,210.4614529,50.15494548,17.32357124,11585.93038879,2.47184257,139.01696484,12236.15126564,7.15639898,913.14731456,1.0,10.20396119,13.45128295,2745.9909919,24.54485634,8200.11394712,17.05984842,67.38563079,296.88612145,0.85945799,20.90931154,2.01136988,1.59279533,0.83936175,1.95583,10.57416372,347.9314046,53.99850678,4.34775179,763.05642862,160.81089021,197.6976183,0.85945799,9.20568107,60.53567164,4.43950149,26986.91504815,10.35883681,8.03635398,10.30243865,49751.62689575,,246.98425058,179.60262524,12623.06026377,3370.17952088,4.51296471,17.05984842,4.14761219,0.97076622,94.62783106,2.97192649,110.27,25.35586307,487.29733467,0.44513402,2.11907455,61.59851084,11302.60956528,122.1107779,4.92239976,9.15319608,41.54142174,8.16119778,18.9637832,17.75800596,4451.81071199,7.43618506,16907.72928903,0.45519689,1.18386706,2339.59057976,2.65570284,3.02467891,31.99603521,42.75612989,86.48022696,100.85789724,4.30927611,9.48223629,18.22435536,2.38418545,1489.14096134,131.81481047,130.19963539,504.61482959,4923122.48354925,1.59279533,582.75395654,13.28136009,4640.53897931,50.10275688,28.19847808,1.18386706,86.48022696,9.4818515,28.5146458,59.13259222,1.18386706,1727.59133755,32.81428334,38.41808821,961.72424489,23.69297347,4.93532534,4.83870948,655.95700003,3.79711734,1.08378832,0.83103802,0.35587721,117.56317043,1.18386706,655.95700003,0.0006531,4824.67136916,2347.57706841,0.04908445,5.34990843,3.19923436,149.99756343,119.33174225,4.1539024,0.85945799,18.59221378,17.05984842,203.37510343,3.2702029,1065.45574909,75.47323888,17.05984842,1.4953517,1947.40486771,1.18386706,6.13726194,1193.21477061,25.35274123,1.6082732,683.50327394,521.0325377,3.68426484,1.67613311,100.27419449
2021-09-02,7.6735136,116.21806444,491.96775001,1790.64941286,1373.29898763,9.84440914,236.44756264,1.95583,86.66795713,130.35716201,0.85856951,4183.97349306,739.56404975,211.16569942,50.34885958,17.36193244,11590.55645328,2.46746288,139.55786611,12311.05773685,7.09413309,913.71353835,1.0,10.18027593,13.43446841,2754.76075924,24.59616262,8196.81867216,17.14184947,67.35233729,297.88358449,0.85856951,20.98338801,2.01811152,1.59534746,0.84216944,1.95583,10.58301718,348.58123262,54.17042875,4.36229517,765.05809968,160.84010704,198.66567237,0.85856951,9.23284125,60.7385526,4.45435177,27050.98913081,10.39348747,8.05040926,10.27667198,49918.5785521,,247.43517829,179.47296151,12646.90425856,3386.85534512,4.51444786,17.14184947,4.1616503,0.97402066,94.94410888,2.98294878,110.27,25.39104218,488.53056528,0.446623,2.12614203,61.59619064,11366.41661145,122.53276519,4.93536359,9.17045091,41.60875303,8.16710075,19.05419976,17.81740709,4506.39092613,7.43590465,16940.5951254,0.45671954,1.18782714,2348.07433735,2.65865047,3.02547327,32.03583129,43.02184924,86.81671298,100.90347617,4.32369079,9.56362865,18.23951925,2.38790842,1494.12218824,132.24186184,130.6891723,504.77991318,4935739.75131859,1.59534746,583.13092552,13.32194837,4645.56088995,50.27622984,28.37398604,1.18782714,86.81671298,9.50982649,28.57387499,59.1180678,1.18782714,1733.45785829,32.90048191,38.66639225,963.51064511,23.71885509,4.93897966,4.87429665,655.95700002,3.80942066,1.08578862,0.83258569,0.35720537,117.56967867,1.18782714,655.95700002,0.00065541,4834.50581225,2352.19049128,0.04961808,5.35740776,3.20990669,150.40628173,119.33174225,4.16780738,0.85856951,18.65685474,17.14184947,204.06553252,3.29764744,1069.03438678,75.7469569,17.14184947,1.49142344,1950.92604543,1.18782714,6.15590546,1195.35724354,25.4858214,1.60448279,685.51597076,522.7393258,3.69414436,1.66990208,100.65156755
2021-09-03,7.66764118,116.25390017,491.96775002,1790.74485456,1373.60286991,9.8906298,238.11250946,1.95583,86.50239676,130.65404112,0.85694508,4186.2459289,740.67760623,211.44101954,50.59108108,17.39765288,11618.16218132,2.46758675,139.40417766,12270.67133493,7.19766106,911.8667211,1.0,10.15106634,13.44779211,2753.9720784,24.64542344,8220.49398177,16.99985566,67.46236485,297.91082738,0.85694508,20.94807059,2.01935699,1.59332277,0.84221433,1.95583,10.59504532,347.58339766,54.2685506,4.36252768,752.43573707,161.15821017,198.51232473,0.85694508,9.23078797,60.74129512,4.45458919,27048.3849208,10.39404144,8.05945038,10.2985956,49921.4009605,,249.43543644,179.44505509,12675.51959077,3386.37976686,4.50691049,16.99985566,4.16179564,0.97407793,94.94894115,2.97057647,110.27,25.37443474,488.8407088,0.44664681,2.12346536,61.62260758,11368.00008012,121.85090058,4.92558676,9.18459235,41.67327848,8.18819828,19.10832508,17.81835676,4513.47032507,7.43624031,16924.45594448,0.45674388,1.18789045,2358.6484719,2.66464745,3.02568835,31.95311653,42.85155634,86.72110585,101.0451288,4.32392124,9.56430629,18.33397946,2.39164403,1494.20182503,130.76626159,130.33343138,505.39894817,4735092.84754111,1.59332277,586.33002093,13.03919307,4657.15951088,50.45718022,28.43125329,1.18789045,86.72110585,9.50771161,28.5790473,59.31721436,1.18789045,1733.53961894,32.81131016,38.61829729,964.41525861,23.66710779,4.94422909,4.86498034,655.95700002,3.80322925,1.08530688,0.83458052,0.35713795,117.57737044,1.18789045,655.95700002,0.00065015,4842.88886368,2356.39811011,0.04805367,5.35994285,3.21029839,150.13660178,119.33174225,4.16805475,0.85694508,18.65461608,16.99985566,204.02721294,3.27022766,1069.10307954,75.60945947,16.99985566,1.48844956,1953.51578109,1.18789045,6.16651497,1197.89880783,25.37035793,1.59286063,684.06603281,522.77367431,3.70012368,1.66108204,100.6736841
2021-09-04,7.66567125,116.23643477,491.96775,1790.6589654,1371.79497679,9.88118448,236.79502934,1.95583,86.49606145,130.74576542,0.85694686,4189.8676036,741.39033248,211.43399645,50.63923199,16.18665625,11635.36857195,2.4728906,139.38915626,12269.87459251,7.11772912,910.35928651,1.0,10.15095452,13.44714711,2752.8035841,24.52906477,8254.1429004,17.00128442,67.63583819,297.28488226,0.85694686,20.90657235,2.01928787,1.59333766,0.84217393,1.95583,10.60081321,347.59859932,54.19249539,4.36231844,751.87432252,161.85327759,198.1148137,0.85694686,9.23139479,60.73842853,4.45437554,27088.55171375,10.39354292,8.04935163,10.29978337,49919.08663853,,249.43066995,178.64348078,12674.91163717,3386.03532557,4.50697065,17.00128442,4.16159602,0.9740284,94.94438713,2.96958638,110.27,25.37021411,488.81863047,0.44662539,2.12325335,61.68501879,11405.00639562,121.69781559,4.92501566,9.18602343,41.6808554,8.19031319,19.21987342,17.81750214,4512.01955373,7.43567648,16939.25418438,0.45672197,1.18783348,2359.07507795,2.66452358,3.02554386,32.23174727,43.15433878,86.71176128,100.78370017,4.32371385,9.56384756,18.61085548,2.39371875,1494.1301589,130.75891709,130.30420131,504.99898041,4843118.46896677,1.59333766,586.37391689,13.03856838,4655.07357901,50.89888234,28.465562,1.18783348,86.71176128,9.50833663,29.69583737,59.2700729,1.18783348,1733.557738,32.84303478,38.60071806,967.41959629,23.66637903,4.94059824,4.85131171,655.957,3.80361205,1.08537568,0.83459818,0.35789155,118.29740468,1.18783348,655.957,0.00065003,4845.56402217,2352.51730902,0.04806459,5.35295901,3.20716505,150.66342162,119.33174224,4.16785347,0.85694686,18.6524976,17.00128442,204.01774981,3.29206158,1069.05114564,75.60541696,17.00128442,1.48813058,1954.41963703,1.18783348,6.16681842,1179.30688972,25.48371986,1.59274019,684.03928084,522.74899237,3.69994622,1.66122155,100.66885551
2021-09-05,7.66132314,116.16682776,491.96775002,1789.46459355,1373.73835196,9.87960331,237.8361626,1.95583,86.44251756,130.56784527,0.85682378,4176.32303413,738.74163112,211.04255316,50.48328216,17.32542551,11622.92410091,2.47053573,139.31824497,12295.92614635,7.18341094,910.49749256,1.0,10.15032017,13.44216523,2753.33104251,24.58143535,8213.71546495,17.01267486,67.4824205,297.67544283,0.85682378,20.95986081,2.01675637,1.59339077,0.8416122,1.95583,10.58364912,347.68600582,54.16152259,4.35940877,764.85316852,161.10400342,198.22423996,0.85682378,9.22870883,60.69767971,4.45140446,27048.20192668,10.38661041,8.05637659,10.30943903,49885.14561062,,247.72221884,179.57122462,12640.25206307,3385.76271417,4.50766059,17.01267486,4.15880697,0.97336802,94.88115992,2.98523863,110.27000001,25.37433561,488.54661678,0.44632749,2.12468516,61.66435243,11368.18904145,122.41151185,4.92060562,9.17727988,41.65121931,8.18173936,19.11040211,17.80561785,4507.97674445,7.435883,16897.95527355,0.45641734,1.18704119,2345.88024919,2.64872964,3.00648928,31.92783723,42.87161361,86.66764851,101.02597187,4.32082993,9.46216167,18.18528109,2.39037092,1493.13357215,131.2388512,130.3260961,505.4044531,4743534.84714594,1.59339077,584.42102113,13.31883308,4651.54377513,50.5263696,28.3026737,1.18704119,86.66764851,9.5055701,28.55369492,59.22472319,1.18704119,1732.19023119,32.77720862,38.4835168,964.06762759,23.65964302,4.94485333,4.86120304,655.95700003,3.800736,1.08572783,0.83181971,0.35685991,117.45321284,1.18704119,655.95700003,0.0006497,4837.24762219,2353.47152079,0.04796966,5.35893447,3.2077805,150.20632911,119.33174225,4.16505743,0.85682378,18.66278933,17.01267486,203.9279501,3.26899405,1068.2387867,75.69406221,17.01267486,1.48870778,1951.93544922,1.18704119,6.16524893,1195.99518226,25.43668634,1.59704754,685.10711544,522.38285533,3.69747639,1.66280342,100.60197486
2021-09-06,7.66817147,116.36688352,491.96774999,1790.91945075,1375.04116011,9.84571404,237.88677826,1.95583,86.70197962,130.7522707,0.85787328,4184.62004481,739.76961858,211.22683304,50.6061877,17.26605391,11622.2836616,2.47253847,139.57847013,12306.973526,7.18754236,915.88358533,1.0,10.15943871,13.45895615,2754.80974685,24.54413394,8218.58363482,16.90938701,67.54461751,297.90273506,0.85787328,20.97061943,2.01847015,1.5937528,0.84229644,1.95583,10.594923,347.70704487,54.20155342,4.36295302,763.64834776,161.6012027,198.47801253,0.85787328,9.23477941,60.747341,4.45502351,27062.56385703,10.39505486,8.06222355,10.2738305,49926.34108126,,248.06333277,179.62974308,12659.43117263,3386.44898044,4.52472757,16.90938701,4.16215314,0.97416629,94.95779685,2.99080527,110.27,25.4098881,488.92820602,0.44669036,2.12626216,61.62991596,11374.81313552,122.50953201,4.92626415,9.18557471,41.68768721,8.18930482,19.14626929,17.82009404,4514.37115376,7.43614659,16851.8144283,0.45678841,1.18800627,2349.20127956,2.65129453,3.00955963,31.85879567,42.92235068,86.82953041,101.08597432,4.32434282,9.47005967,18.18071451,2.39245026,1494.34750851,131.46849953,130.42225859,505.19092068,4841664.5683232,1.5937528,584.77573313,13.29618833,4655.48200409,50.32051398,28.3348361,1.18800627,86.82953041,9.51182279,28.61412012,59.27300869,1.18800627,1733.80837844,32.77473018,38.57937337,965.02371327,23.64465451,4.9472867,4.87543503,655.95699999,3.80452175,1.08562092,0.83244878,0.35710253,117.60056277,1.18800627,655.95699999,0.00065134,4839.36627852,2356.95188984,0.0481366,5.36175348,3.21041307,150.80434984,119.33174224,4.16843491,0.85787328,18.66354575,16.90938701,204.08401661,3.28671571,1069.20464207,75.74860983,16.90938701,1.48850342,1954.32096785,1.18800627,6.14297629,1195.96205065,25.42466523,1.59715233,685.78510055,522.82400125,3.69478401,1.66518929,100.70385536
2021-09-07,7.65550704,115.93531906,491.96774998,1785.27828849,1379.07462345,9.88970983,237.26379002,1.95583,86.85355374,130.3248519,0.85943851,4170.0319494,738.3062928,210.57457343,50.43858894,17.2148541,11585.96208363,2.45953973,139.77374552,12405.12879494,7.12183647,924.6104106,1.0,10.17682166,13.41557993,2746.45862384,24.48709661,8197.74743878,16.93965318,67.3015247,296.92276674,0.85943851,20.88642138,2.01213992,1.59388527,0.83964332,1.95583,10.58622614,348.39266185,54.03069451,4.34921029,759.89649954,161.24511549,198.84001581,0.85943851,9.20714619,60.55613287,4.44099077,27057.31159453,10.36231179,8.04058963,10.28760209,49768.27463543,,247.42878383,178.79853662,12648.93818182,3369.63454123,4.51194921,16.93965318,4.14908794,0.97109751,94.658627,2.98197755,110.27,25.39246995,487.30366146,0.44528334,2.11928748,61.44399671,11323.5214128,122.09556515,4.92424688,9.15920429,41.56647226,8.16743137,19.11062722,17.76396307,4501.82682632,7.43615204,16889.43627031,0.45534959,1.1842642,2343.16485256,2.68595439,3.01449494,31.6967538,42.80699796,86.9510081,100.76000211,4.3107217,9.493047,18.26435412,2.38561843,1489.64050911,131.34449343,130.61875267,504.63592615,4755698.10263188,1.59388527,583.16661517,13.23977173,4642.69226111,50.37630437,28.32868868,1.1842642,86.9510081,9.48336058,28.5415701,59.40160502,1.1842642,1728.22054849,32.82349396,38.8007893,962.44707695,23.61168324,4.94988635,4.84639072,655.95699997,3.79416735,1.08901311,0.83130654,0.35613727,117.52936209,1.1842642,655.95699997,0.00065914,4827.97950128,2348.20592718,0.0487222,5.34206333,3.20020836,150.63192488,119.33174224,4.1580613,0.85943851,18.61374574,16.93965318,203.43896988,3.27978646,1065.79894298,75.50083766,16.93965318,1.49703614,1948.30230911,1.1842642,6.12277456,1191.49038641,25.34315255,1.60279279,683.78919503,521.16650109,3.6821773,1.66657838,100.4199876
2021-09-08,7.637814,115.86949631,491.96775,1782.16193981,1383.31318722,10.020731,236.04469512,1.95583,86.63144675,130.16216134,0.85867925,4178.96197607,737.79936221,210.23238498,50.37738939,17.10951163,11572.02878815,2.4566647,140.23261835,12381.11849798,7.07183239,931.14997824,1.0,10.20070844,13.39265803,2740.55009492,24.47404526,8190.05344697,16.7960659,67.21047144,296.3768028,0.85867925,20.83182195,2.00870557,1.59081218,0.83817766,1.95583,10.58452591,350.10874822,53.9361385,4.34161839,755.93210342,161.13192006,198.15265767,0.85867925,9.19393209,60.45011844,4.43323866,26991.2662936,10.34422353,8.01919316,10.299252,49681.87478016,,247.0814165,178.45813814,12637.66887181,3365.37565142,4.51692417,16.7960659,4.14176371,0.96940083,94.4927069,2.97922525,110.27,25.41319263,486.23987276,0.44450606,2.11527128,61.35039685,11307.1075731,121.60099475,4.90373726,9.14317331,41.49527163,8.15480858,19.15560317,17.73295462,4512.9848815,7.43617251,16870.44932756,0.45455474,1.18219697,2340.02407184,2.65034067,3.02181073,31.66476325,42.76386689,87.23646554,100.55072751,4.30319699,9.50315541,18.25852107,2.3815909,1487.04022026,131.22936601,130.21391554,502.72591862,4749595.04768339,1.59081218,582.26489148,13.1947842,4638.41404654,50.15818344,28.32393018,1.18219697,87.23646554,9.46975006,28.56990559,59.13728414,1.18219697,1725.89598159,32.77283955,38.67526283,961.15212636,23.58466028,4.94568891,4.8395359,655.957,3.7870801,1.08791434,0.830385,0.35586571,117.53112009,1.18219697,655.957,0.00066106,4820.57648298,2344.59355716,0.04939447,5.33417009,3.19442951,150.60224819,119.33174224,4.14805202,0.85867925,18.59176557,16.7960659,203.0806109,3.28169152,1063.97182793,75.34997328,16.7960659,1.50128,1944.71597906,1.18219697,6.29148494,1187.25493589,25.33555806,1.60670501,682.6969895,520.26559625,3.67724891,1.66719136,100.25161947
2021-09-09,7.62824314,115.91408346,491.96774999,1783.74858315,1381.38335671,9.99823995,236.41370865,1.95583,86.26503161,130.03129529,0.85434261,4184.36924037,737.52248962,210.34188121,50.54062313,17.32969201,11578.80775345,2.45695819,139.86382721,12332.08448969,7.11490344,938.80556277,1.0,10.17608179,13.40801354,2744.06179677,24.52370088,8186.83209911,16.78753497,67.21342073,296.75088858,0.85434261,20.89046725,2.01031492,1.58581321,0.83892388,1.95583,10.57862774,350.49031764,53.98423171,4.3454837,760.54309638,161.09399231,198.83076572,0.85434261,9.19982624,60.50381603,4.43718553,27003.41325022,10.3534329,8.03120683,10.24941569,49726.39341591,,246.95644995,179.00881033,12621.06947416,3378.24768324,4.54739598,16.78753497,4.14553321,0.97026428,94.57812788,2.97112756,110.27,25.43342247,486.67930929,0.4449018,2.118007,61.60471628,11309.67908558,121.59873223,4.90194022,9.15042347,41.52389871,8.15666582,19.16158482,17.74874212,4546.63220438,7.43612355,16830.10739319,0.45495942,1.18324947,2339.84654589,2.65265857,3.02409343,31.56904663,42.72142637,87.00704648,100.71261853,4.30702809,9.51162502,18.15109493,2.38294782,1488.3641193,131.67839215,129.91288789,504.59062532,4830959.91447001,1.58581321,581.96067055,13.27619722,4641.34877591,50.13064696,28.30528252,1.18324947,87.00704648,9.47582103,28.42049252,59.0012042,1.18324947,1727.46743336,32.72118039,38.66766176,961.01100563,23.55994927,4.94428495,4.85638568,655.95699998,3.7919651,1.08443409,0.83009759,0.35578879,117.591448,1.18324947,655.95699998,0.0006581,4825.89732257,2347.07259331,0.04892294,5.33846178,3.19770557,150.79921742,119.33174224,4.1517335,0.85434261,18.58888793,16.78753497,203.27910259,3.27521684,1064.90956363,75.46039301,16.78753497,1.49586079,1946.42832786,1.18324947,6.15019593,1193.76786108,25.40115577,1.60201535,683.15634139,520.73101443,3.68233219,1.66136949,100.33906534
2021-09-10,7.61171811,115.77963164,491.96774997,1780.59016463,1382.40905982,10.00368061,235.88877867,1.95583,86.4451086,129.79503574,0.85401913,4184.50919607,737.08908124,210.2449365,50.42823686,15.18576302,11554.969679,2.45265534,139.60268262,12287.77541723,7.13357141,931.27908859,1.0,10.19892871,13.37211578,2738.66742813,24.40137016,8160.44643062,16.78382965,67.02644623,296.22135417,0.85401913,20.71353661,2.00794084,1.58466714,0.83743843,1.95583,10.56344183,349.88378457,53.88872645,4.33778931,738.85905901,160.80620047,198.42049931,0.85401913,9.18695524,60.39673827,4.42932877,26891.63198923,10.33510046,8.02040569,10.28677717,49638.39894028,,247.52014255,177.62857305,12600.40648328,3367.13312676,4.54397793,16.78382965,4.13819663,0.96856477,94.41052403,2.9644074,110.26999999,25.34343587,485.96043127,0.44411403,2.11135575,61.49343075,11312.45845241,121.83308656,4.88578056,9.13707772,41.46948605,8.14720558,19.17365488,17.71731507,4529.88220124,7.43638261,16847.39028007,0.45415384,1.18115434,2345.98533053,2.65013243,3.01621221,31.59308632,42.64561544,86.84459261,100.54477966,4.29940179,9.49477786,18.23002347,2.37973264,1485.72872726,130.354374,129.83481529,503.79578325,4718903.38038428,1.58466714,582.10422749,12.88777486,4632.13826744,49.92367496,28.36588452,1.18115434,86.84459261,9.4625639,28.34828941,58.98601077,1.18115434,1724.39647076,32.6748881,38.62365156,959.85072077,23.49840678,4.94395144,4.83986074,655.95699996,3.78021688,1.08424049,0.82852189,0.35440571,117.63115427,1.18115434,655.95699996,0.00066073,4816.39121729,2345.40277226,0.04975375,5.33226355,3.19209058,151.06864006,119.33174224,4.14438439,0.85401913,18.55603024,16.78382965,202.86971769,3.2754378,1063.08204391,75.19339111,16.78382965,1.49891961,1944.04964532,1.18115434,6.19627372,1192.53461253,25.23371274,1.60584885,681.94463094,519.80912045,3.67798334,1.66135664,100.16188085
2021-09-11,7.61153443,115.68757802,491.96775,1780.5483987,1381.80542657,10.0008447,236.1193379,1.95583,86.43132405,129.80536111,0.85397252,4165.35448382,741.69797172,210.24016787,50.42919958,16.5102961,11553.80612054,2.4525492,139.5624947,12287.47679834,7.06759588,931.3559263,1.0,10.19819728,13.37180212,2736.45622743,24.49913208,8189.93285216,16.77941034,67.05553648,295.83801317,0.85397252,20.73073499,2.00789374,1.58450542,0.83741878,1.95583,10.56601627,349.86049974,53.88750743,4.33768756,738.58663698,161.38277586,198.43232179,0.85397252,9.18650781,60.39543132,4.42922487,26922.97147217,10.33485804,8.01323449,10.27927913,49637.18123205,,247.51465984,176.96048989,12600.11092524,3367.05238309,4.54370094,16.77941034,4.13809956,0.96853347,94.40830951,2.96462449,110.27,25.34158092,485.91411047,0.44410361,2.11126462,61.47050042,11272.42995088,121.72589107,4.88664137,9.13219697,41.4484708,8.1524284,19.23907843,17.71689949,4529.66683973,7.43545121,16838.1073011,0.45414319,1.18112663,2346.10517267,2.65007123,3.01614026,31.71789336,42.93439508,86.81959235,100.47216746,4.29930094,9.49455515,18.39430199,2.37994972,1485.69387767,130.3509676,129.85372084,503.19062293,4775243.42234124,1.58450542,582.11764448,12.98936442,4630.06754138,50.69263283,28.41911659,1.18112663,86.81959235,9.46210305,29.5270895,58.97307908,1.18112663,1724.36827315,32.70264407,38.67525153,961.53441112,23.49780034,4.94115112,4.83443679,655.957,3.78148301,1.08432256,0.82848887,0.35549026,117.14058729,1.18112663,655.957,0.00066068,4815.9539798,2340.73263795,0.04975259,5.32713674,3.19009834,151.03988463,119.33174224,4.14432059,0.85397252,18.53902167,16.77941034,202.86494456,3.29130993,1063.04157735,75.19151619,16.77941034,1.49836035,2016.61952659,1.18112663,6.19965637,1176.77054193,25.22910333,1.60575537,681.92935109,519.79707553,3.67802692,1.66076215,100.15953143
2021-09-12,7.61765874,115.77641944,491.96774997,1779.80050093,1385.95819307,10.00218671,236.34584704,1.95583,86.35715933,129.84922912,0.85271006,4169.03199597,738.17532468,209.90317508,50.41477927,15.516691,11559.3276839,2.44873565,139.58522345,12314.95789404,7.12977596,930.90518713,1.0,10.19568569,13.40111718,2737.87864292,24.49117006,8166.5334843,16.78002073,67.04779073,296.05265344,0.85271006,20.7292976,2.00586527,1.58485998,0.83706703,1.95583,10.57713484,350.11484285,54.56528402,4.33586557,758.27617529,160.81821538,198.56090775,0.85271006,9.18212541,60.36988192,4.42736443,26937.44448289,10.330517,8.02723066,10.23273088,49615.70437337,,246.65335418,177.41280137,12590.43956859,3369.74042072,4.54629123,16.78002073,4.13634651,0.968116,94.36873145,2.94795893,110.26999999,25.3409042,485.77596268,0.44391707,2.11305487,61.60469901,11290.17178109,121.66485726,4.89188625,9.14061843,41.5077749,8.14976695,19.21210805,17.70945772,4526.34817578,7.4359889,16823.61237806,0.45395243,1.18063051,2335.47128411,2.64035581,3.01984345,31.58656991,42.875086,86.83373154,100.52388765,4.29749507,9.50968763,18.13076956,2.38173798,1485.06982997,131.3933895,129.78094586,502.90684489,4732932.4221005,1.58485998,580.30701913,12.90624196,4634.17526009,49.96029077,28.41557912,1.18063051,86.83373154,9.45758917,28.47955375,59.03046703,1.18063051,1723.63134838,32.70623471,38.68694127,960.08023077,23.46740262,4.94034122,4.84439404,655.95699996,3.78142698,1.08433383,0.82907985,0.35485026,117.62376349,1.18063051,655.95699996,0.00065921,4814.579528,2346.30298275,0.04971209,5.33729423,3.19051933,151.20126723,119.33174224,4.14254468,0.85271006,18.55996413,16.78002073,202.82044956,3.27532828,1062.55127577,75.28075274,16.78002073,1.49548025,1957.52381396,1.18063051,6.19700393,1191.89986873,25.27180663,1.6035517,681.04827216,519.56291607,3.66914226,1.65904629,100.11809494
2021-09-13,7.61875162,116.01101114,491.96775,1781.26812211,1384.88373058,9.96822987,235.08289004,1.95583,85.88393869,129.62001558,0.85341069,4154.72831843,737.72876112,210.07713688,50.33684202,15.48489342,11515.92191963,2.4600762,139.73194743,12345.83873843,7.10358806,927.54519782,1.0,10.16289534,13.38106833,2739.98979897,24.50921709,8149.28488014,16.72641281,66.81682819,296.29824174,0.85341069,20.74348148,2.00752049,1.5861767,0.83775728,1.95583,10.57706974,349.93774494,54.40876877,4.33944091,741.38935647,160.94199954,198.72407886,0.85341069,9.19160066,61.42789067,4.43101523,26927.62880505,10.33903553,8.0234368,10.20737437,49656.0496889,,246.40411264,177.19114294,12593.25388564,3372.04328447,4.54868361,16.72641281,4.12798596,0.96891173,94.44566991,2.95312362,110.27,25.35948126,486.42948268,0.44428313,2.11476572,61.69592751,11304.96895435,121.66267722,4.90248845,9.13481201,41.37335824,8.14598336,19.19260488,17.72406092,4525.96593301,7.43616706,16837.43376756,0.45432676,1.18160406,2337.91836352,2.64886895,3.016353,31.52707388,42.825513,86.92500618,100.49037103,4.30103878,9.51737916,18.2087912,2.37912786,1486.29441662,131.39426473,130.05698818,503.62343378,4739307.38907211,1.5861767,579.65966852,12.93173004,4626.66738996,49.92473982,28.38879196,1.18160406,86.92500618,9.46734868,28.44786396,58.98572572,1.18160406,1725.09408503,32.73034837,38.89452379,960.16831578,23.48955722,4.94814589,4.85489027,655.957,3.79389459,1.0893636,0.82949106,0.35518772,117.61044838,1.18160406,655.957,0.0006595,4810.47099284,2339.70806603,0.04991337,5.32087695,3.19367591,151.35000567,119.33174224,4.14594399,0.85341069,18.57401207,16.72641281,202.28639027,3.27885266,1063.39890362,75.34129331,16.72641281,1.4945636,2093.41632606,1.18160406,6.16251684,1188.60464756,25.36923955,1.6054879,680.70009526,519.90200307,3.67463756,1.66129405,100.1996877
2021-09-14,7.60818468,115.88339189,491.96775001,1780.23425337,1382.76220655,9.96491435,235.54914908,1.95583,86.18381435,129.79943678,0.8555502,4168.28880581,737.30865136,209.9305843,50.48612253,15.37472839,11542.64017679,2.46310805,139.79177192,12332.89936875,7.12775268,925.5519079,1.0,10.1696732,13.3741102,2739.11233081,24.50355407,8148.88608268,16.94429888,66.93524843,296.16363999,0.8555502,20.78513789,2.00635569,1.58629672,0.83727104,1.95583,10.57198757,349.79025309,54.13239617,4.33692225,736.86851558,160.77586336,198.63136461,0.8555502,9.18543839,61.39728215,4.42844342,26963.87356017,10.33303464,8.01415916,10.21549452,49628.50195824,,246.42244695,176.78301428,12629.38481314,3362.61080645,4.55160482,16.94429888,4.12579111,0.96835532,94.39151949,2.95405673,110.27,25.35477975,485.93474177,0.44402526,2.1138363,61.61992871,11307.8300996,121.73715534,4.9145022,9.12907402,41.44182854,8.13850712,19.28700285,17.71377367,4524.3884803,7.43624447,16827.53143537,0.45406306,1.18091824,2335.40838806,2.65726099,3.03087239,31.47814452,42.81754998,86.96222203,100.52784348,4.29854241,9.51202871,18.18673617,2.37826181,1485.43175405,131.83988641,129.45173207,503.60551939,4722005.75330158,1.58629672,577.35306762,12.93360366,4630.26854546,49.90880965,28.47615184,1.18091824,86.96222203,9.46100154,28.44041618,58.83155204,1.18091824,1724.04907857,32.70303226,38.88474219,960.50428534,23.49448578,4.94850194,4.84984087,655.95700001,3.79268208,1.08579324,0.8291814,0.35504364,117.59072232,1.18091824,655.95700001,0.00065483,4816.18915009,2344.3186722,0.04967907,5.3357132,3.1913065,151.19568978,119.33174225,4.1436096,0.8555502,18.55522958,16.94429888,202.40354968,3.29150045,1062.81684417,75.33408029,16.94429888,1.49866426,2104.7041941,1.18091824,6.18910984,1191.94359047,25.26207446,1.61293452,681.95142543,519.59274013,3.67154313,1.66559664,100.13998893
2021-09-15,7.60331562,116.00838675,491.96774998,1781.40275549,1382.04046414,9.97431004,235.91224094,1.95583,85.43301284,130.06837834,0.85378448,4174.80183645,737.96241653,210.07367203,50.557549,15.06203188,11561.99032883,2.46850634,139.60256156,12337.92258453,7.09386871,919.43182418,1.0,10.14409617,13.39777936,2740.58569248,24.49826109,8144.51737232,17.03045715,67.00286376,296.36534879,0.85378448,20.79931177,2.00771615,1.58468913,0.8378206,1.95583,10.57117777,348.82713922,54.12070772,4.3397689,736.14787947,159.90784008,200.44056098,0.85378448,9.19643674,61.05603516,4.43135014,27000.66749479,10.33981699,8.02047524,10.13407138,49660.89161931,,246.73278153,176.71267759,12663.47655513,3367.1960551,4.56402971,17.03045715,4.14001572,0.96899843,94.45315172,2.93918743,110.27,25.30979196,486.31093496,0.44431671,2.11520465,61.60854315,11320.34328356,121.52541992,4.91414131,9.13520212,41.49830587,8.14636,19.29446868,17.72540055,4507.68754182,7.43626775,16817.3365439,0.4543611,1.18169337,2337.71129613,2.65774183,3.03036316,31.47510536,42.96382903,86.8445173,100.62885643,4.30136387,9.51806711,18.15127344,2.38033542,1486.40675503,131.92631843,129.16124842,503.07195135,4726936.55538375,1.58468913,573.95224357,12.94537982,4636.10987351,50.83897236,28.58859456,1.18169337,86.8445173,9.47232984,28.46154668,58.93965583,1.18169337,1725.17124647,32.7277436,38.90610239,959.98974794,23.47756936,4.94788245,4.85873876,655.95699997,3.78979833,1.08669638,0.8288809,0.35523072,117.57171486,1.18169337,655.95699997,0.00065872,4821.10313913,2348.68436323,0.04945375,5.33945179,3.19340125,149.80598104,119.33174224,4.14634057,0.85378448,18.57392813,17.03045715,202.53444654,3.29631493,1063.41903431,75.38518204,17.03045715,1.49263545,2105.32128471,1.18169337,6.17222079,1199.93364109,25.30585604,1.6121011,683.17755701,519.1396557,3.66932289,1.65968958,100.20231604
2021-09-16,7.59710806,115.70517996,491.96774998,1774.08798107,1386.14594269,10.04777237,234.75368604,1.95583,85.3904984,129.58878309,0.85307293,4152.61314984,734.84923477,209.20378529,50.17978897,15.10851953,11501.60906403,2.45954398,139.13401596,12271.98502588,7.02989092,922.24752287,1.0,10.14189516,13.34160191,2729.26117419,24.5193264,8120.25038843,17.18400239,66.69349624,295.14221435,0.85307293,20.74626146,1.99943397,1.58382657,0.83438035,1.95583,10.55729664,350.74075357,53.98066681,4.321949,730.73262485,158.4630928,197.41803093,0.85307293,9.15827454,60.76967537,4.41315418,26811.78471016,10.29735976,7.9863074,10.16144096,49457.12279774,,245.73961601,175.96663183,12527.67464822,3355.61108619,4.57276446,17.18400239,4.12324916,0.96500841,94.06550007,2.92488029,110.27,25.31991194,484.48736022,0.44249226,2.10655502,61.47098633,11265.48070431,121.19489082,4.90830903,9.09733412,41.31629708,8.11659771,19.25654086,17.65261673,4492.4456574,7.43616133,16764.35976272,0.45249541,1.17684112,2327.82008098,2.64676363,3.02241177,31.41528139,42.78574713,86.55304259,100.23323677,4.28370166,9.47922849,18.11333608,2.37046457,1480.30328962,131.23863224,129.2752846,500.78847033,4725736.53784978,1.58382657,570.84988054,12.89261028,4616.03145842,50.62935052,28.43257593,1.17684112,86.55304259,9.43302278,28.34996711,58.77436822,1.17684112,1718.10215584,32.62050321,39.03808166,954.75868085,23.460866,4.94806589,4.83215779,655.95699997,3.78048712,1.09095505,0.82760769,0.35399032,117.57568136,1.17684112,655.95699997,0.00066974,4802.71186048,2338.88346135,0.05131645,5.31495698,3.18025634,150.9994804,119.33174224,4.12939457,0.85307293,18.49147125,17.18400239,201.675736,3.30360372,1059.1105972,75.07400846,17.18400239,1.49193591,2094.97135461,1.17684112,6.18788812,1195.08874572,25.25019678,1.61300333,680.38219929,516.95299734,3.65984137,1.66477394,99.79120003
2021-09-17,7.58823228,115.33476898,491.96775001,1769.08972563,1387.11846197,10.14515492,234.25151956,1.95583,85.52561105,129.30528639,0.85403984,4142.12861358,732.78497948,208.88474835,50.10023648,15.01909629,11477.1785238,2.45240064,139.02912437,12230.9937395,7.02299842,920.69130105,1.0,10.191005,13.28333738,2722.19196105,24.42147245,8093.06696123,17.30634534,66.56707822,294.35364574,0.85403984,20.67024307,1.99495971,1.5821938,0.8320296,1.95583,10.55032762,353.07165614,53.90666074,4.30977248,728.40981637,160.32857725,197.09017958,0.85403984,9.1326237,60.4744096,4.40072071,26722.5204938,10.26834832,7.96302354,10.21938126,49317.78718639,,246.18661263,175.41411784,12534.27446543,3345.18863092,4.5953526,17.30634534,4.10712586,0.96229678,93.80074025,2.91050803,110.27,25.40689236,483.15688929,0.4412456,2.09771134,61.35826624,11261.65289082,121.52240253,4.8958944,9.07159127,41.30612573,8.09451177,19.2335072,17.60288284,4491.24402383,7.44172547,16731.05127694,0.45122056,1.17352552,2332.32356976,2.61887865,2.9875939,31.39030716,42.71151608,86.48779121,99.95779906,4.2716329,9.44866134,18.0632784,2.36385957,1476.13273322,130.20390087,129.00313921,499.26017681,4725738.69052445,1.5821938,569.03375525,13.05238186,4605.44387837,50.09743074,28.43464695,1.17352552,86.48779121,9.40660241,28.19302932,58.74076089,1.17352552,1713.27131576,32.6224936,39.10573193,946.98805091,23.49281647,4.9501799,4.81733041,655.95700002,3.76361187,1.09388985,0.82498422,0.35313696,117.67395947,1.17352552,655.95700002,0.00066887,4796.86280938,2340.89024722,0.05238945,5.30338921,3.17141233,151.53922898,119.33174225,4.13768609,0.85403984,18.44254793,17.30634534,200.87508098,3.28331393,1056.17053695,74.74210781,17.30634534,1.49843114,1938.4778375,1.17352552,6.20676539,1190.84530023,25.10717082,1.61208956,678.81924033,515.49742249,3.65427565,1.66672943,99.48819561
2021-09-18,7.58148824,115.14270626,491.96775,1767.51312128,1385.89218547,10.13477216,233.79782968,1.95583,85.41899778,128.89288738,0.85345107,4138.43799795,733.56661091,208.70095871,50.02305624,16.45546358,11475.75833675,2.45039506,138.88215171,12220.2111096,7.00386223,919.68453586,1.0,10.18185499,13.27149933,2717.50191976,24.49371755,8125.12565768,17.25588741,66.30457844,293.6353672,0.85345107,20.65005132,1.99318181,1.58091062,0.83128809,1.95583,10.54276316,352.79591396,54.87136804,4.30593163,727.76066101,160.96011309,196.98051733,0.85345107,9.12445739,60.42900312,4.39679881,26743.7580196,10.25919722,7.9486959,10.21224438,49273.80150067,,245.96052051,173.32519666,12523.10397968,3342.37558643,4.59147647,17.25588741,4.10364311,0.9614429,93.71714548,2.90777724,110.27,25.38402957,482.51409622,0.44085236,2.09580891,61.33864452,11200.75409828,121.29451922,4.89181274,9.0674526,41.27094699,8.09762247,19.31144128,17.58719524,4487.25121368,7.43583796,16703.75689383,0.45081844,1.17247968,2328.6348168,2.61653032,2.98491352,31.38334319,42.6881804,86.39636187,99.50953636,4.26782604,9.44023625,18.26541579,2.36266701,1474.81721076,130.08713636,128.94586636,498.57733227,4731520.62096628,1.58091062,568.5525706,12.99537432,4610.39153302,50.42794051,28.27990048,1.17247968,86.39636187,9.39819112,29.31199264,58.70365651,1.17247968,1711.74200085,32.60554027,39.03733652,953.30050804,23.47127683,4.95063369,4.81050513,655.957,3.76053146,1.09286246,0.82421155,0.35349363,116.98317189,1.17247968,655.957,0.00066818,4770.68982907,2327.11524269,0.05234283,5.28909876,3.1666433,151.47518281,119.33174224,4.1378364,0.85345107,18.40261403,17.25588741,200.69563554,3.27690205,1055.23130628,74.67534925,17.25588741,1.49767229,2029.67941787,1.17247968,6.19854329,1165.99105982,25.12676102,1.60972961,685.12439231,515.03707894,3.64912965,1.6657387,99.39953221
2021-09-19,7.57418664,115.2829181,491.96774999,1765.68829023,1391.0399033,10.13455156,234.84336867,1.95583,85.28910016,129.48097099,0.85432968,4151.63830714,731.38845006,208.21840876,50.21426234,14.97686315,11494.29014631,2.44828044,138.9500559,12228.96630249,7.03721744,918.8454766,1.0,10.19021091,13.31593105,2716.84986112,24.49509757,8078.2718626,17.37057993,66.69391313,293.7953513,0.85432968,20.70705542,1.98996022,1.5828677,0.83042985,1.95583,10.55082695,353.13072582,53.7605569,4.30148607,727.09070378,160.57553708,196.71187774,0.85432968,9.12041004,60.35806489,4.39225943,26733.53784788,10.24860533,7.94780036,10.24325109,49223.21419672,,244.69042464,174.85055665,12511.09417413,3336.85104728,4.59209738,17.37057993,4.09178576,0.96044291,93.62047738,2.9105381,110.27,25.38575348,482.33841805,0.44039721,2.09650454,61.43262766,11275.32843827,121.15824469,4.90922202,9.05429687,41.3331157,8.07875449,19.27655244,17.56903771,4485.0962552,7.43586813,16693.29168867,0.450353,1.17126918,2321.53917971,2.64396371,3.01655968,31.25319552,42.77044749,86.43860398,99.77357291,4.26341982,9.4344844,17.95033366,2.35931136,1473.29456733,131.39292565,128.76792667,498.91427603,4717895.5335203,1.5828677,566.4032579,12.83055762,4612.5822525,49.99101315,28.36773798,1.17126918,86.43860398,9.39402234,28.14567367,58.72928585,1.17126918,1709.99277054,32.60192898,39.08590414,948.57790959,23.53233896,4.94761566,4.81578958,655.95699998,3.75874252,1.09215705,0.82568605,0.35245086,117.46836458,1.17126918,655.95699998,0.00066935,4799.21988548,2336.58655154,0.05278865,5.31296669,3.16535745,151.40726174,119.33174224,4.10969855,0.85432968,18.42808484,17.37057993,200.73059753,3.28117492,1054.17436004,74.77083104,17.37057993,1.49852664,2082.49357675,1.17126918,6.19694355,1167.42324118,25.10366211,1.61885749,679.83651103,514.50924798,3.64034774,1.66719053,99.29728005
2021-09-20,7.58504167,115.41139125,491.96774997,1768.42840707,1388.73694299,10.16800953,233.79465533,1.95583,86.17688741,129.14854639,0.85846801,4145.21029464,731.73689545,208.54712212,49.95157271,15.1293494,11480.07137322,2.45820811,138.87742867,12279.7896855,7.06930157,925.51173343,1.0,10.16692763,13.28227103,2720.7570101,24.72220443,8064.71086669,17.31985311,66.38042901,294.16986739,0.85846801,20.67832888,1.99308154,1.58473848,0.83171857,1.95583,10.54153348,353.92937496,54.19696806,4.30816141,729.02491554,160.63377383,198.48892183,0.85846801,9.13234966,60.52074857,4.39907564,26760.71055153,10.26450983,7.95799903,10.20010678,49299.44294947,,244.86907695,174.04647391,12511.39389992,3348.99234368,4.60531022,17.31985311,4.09912566,0.96193368,93.76630345,2.92949347,110.26999999,25.46693953,482.92166235,0.44108065,2.09967541,61.57064816,11414.98782908,121.39356147,4.91598888,9.06463175,41.15622639,8.090183,19.25622997,17.59630256,4508.45535673,7.43582657,16694.691513,0.45105189,1.17308684,2313.74060046,2.64960628,3.02506139,31.32922119,42.58991371,86.39342374,99.88097405,4.27003609,9.4486233,18.06676281,2.36238014,1475.58092743,131.71486076,128.5444772,500.54499997,4715569.99103337,1.58473848,567.29263456,12.86188979,4619.26318986,49.7358061,28.2443854,1.17308684,86.39342374,9.40632015,28.19964495,58.78145646,1.17308684,1712.67934315,32.61592756,39.16618696,948.13887054,23.5833118,4.94899879,4.83182525,655.95699997,3.76809276,1.08811316,0.82651908,0.3531584,117.61425167,1.17308684,655.95699997,0.00066526,4780.63522451,2326.88690204,0.05260825,5.30777197,3.17017455,151.90712149,119.33174224,4.11683863,0.85846801,18.44807213,17.31985311,201.01617769,3.2764935,1055.78081781,74.82868007,17.31985311,1.50020764,2082.56794195,1.17308684,6.24690776,1167.47534187,25.12992608,1.61569042,685.30975802,515.30948893,3.64530898,1.6711633,99.47520991
2021-09-21,7.58720697,115.34074153,491.96775,1767.37981205,1386.85604038,10.11420353,234.7498878,1.95583,85.47321401,129.47461386,0.85851848,4151.47869681,732.54141555,208.43725675,50.16086803,15.83131425,11482.49992803,2.46024313,138.92698019,12262.08501601,7.07975128,921.55849687,1.0,10.18211211,13.30078635,2718.38368018,24.67747694,8064.04187972,17.34087189,66.43139268,294.03511395,0.85851848,20.71727781,1.99192558,1.58544265,0.8312254,1.95583,10.53915657,352.64406353,54.26775587,4.30560687,725.73332194,160.53092291,198.23958293,0.85851848,9.12796324,60.47791282,4.39646719,26710.84214233,10.25842345,7.9657033,10.15434889,49270.04959176,,244.88895651,173.94082859,12518.99391696,3344.21146068,4.61715247,17.34087189,4.09638464,0.96136137,93.70964417,2.93151628,110.27,25.41572133,482.39876409,0.44081911,2.09831976,61.55747875,11417.63757695,121.15733639,4.90883641,9.07091701,41.22347627,8.08993616,19.31983615,17.58586878,4499.87554798,7.43624634,16699.09465338,0.45078444,1.17239125,2318.05174886,2.64506222,3.01707366,31.32321947,42.66361345,86.42424895,100.03346836,4.26750416,9.44381712,18.07439534,2.36408824,1474.70597721,131.58584239,128.29273869,500.46907618,4706046.03919573,1.58544265,566.99244846,12.85882013,4639.8997934,49.71907071,28.29066673,1.17239125,86.42424895,9.40180213,28.26364044,58.85452279,1.17239125,1711.61282712,32.59750853,39.21587027,949.84469514,23.56078342,4.94867836,4.82188384,655.957,3.7582558,1.08371765,0.82605663,0.35296847,117.59626745,1.17239125,655.957,0.00065978,4786.26354348,2332.48395885,0.05160969,5.31803611,3.16823632,152.24977373,119.33174224,4.11473208,0.85851848,18.40538729,17.34087189,200.80741326,3.28446315,1055.14177309,74.83284931,17.34087189,1.49949642,2079.38833845,1.17239125,6.17901314,1168.38766186,25.09884392,1.61775224,684.85893975,514.98644026,3.6484179,1.670285,99.41950351
2021-09-22,7.56954911,115.27282535,491.96774999,1764.42327761,1382.58445233,10.14395981,234.54201445,1.95583,85.36935464,129.48347212,0.85852507,4150.58392946,731.38325699,208.1015139,50.30853756,15.7850988,11475.60046173,2.45527042,139.00931099,12250.60863861,7.04709325,921.78659494,1.0,10.17313531,13.27826341,2710.21797966,24.52470785,8061.10685982,17.33402282,66.37479565,293.47100449,0.85852507,20.68819543,1.98863493,1.58310756,0.82983489,1.95583,10.53572548,355.33504091,54.29675694,4.2984043,721.70504391,160.4590583,197.84003641,0.85852507,9.11225478,60.38777108,4.38911263,26511.8303488,10.24126281,7.9514621,10.13917902,49187.72441741,,244.59751716,173.66582782,12486.91770367,3333.46177554,4.61825227,17.33402282,4.09113102,0.95975376,93.55270738,2.92851838,110.27,25.38536907,482.62579194,0.44008169,2.09471272,61.52328904,11533.3485932,121.49449784,4.903748,9.05964712,41.24067158,8.07758561,19.38807814,17.55645052,4486.39905519,7.43626044,16684.87786448,0.45003035,1.17043003,2313.93185435,2.6428329,3.01695111,31.15853848,42.61959732,86.47546562,99.84653498,4.26036533,9.42694111,18.07239656,2.36104544,1472.23903775,131.50426536,128.56735417,497.57043129,4698596.28880953,1.58310756,565.30801216,12.8600774,4644.093944,49.65494042,28.29468275,1.17043003,86.47546562,9.38562242,28.24914529,58.91570625,1.17043003,1708.74281787,32.52623986,39.30165616,944.21926273,23.52720306,4.95079038,4.81204724,655.95699999,3.75045601,1.0841974,0.82556712,0.35232956,117.58953102,1.17043003,655.95699999,0.00066306,4784.65366255,2331.8299606,0.0517403,5.31866557,3.16287433,151.86569056,119.33174224,4.10907579,0.85852507,18.38287977,17.33402282,200.46815084,3.27544856,1053.38198623,74.54941917,17.33402282,1.49373805,2076.19421999,1.17043003,6.19227082,1188.78258031,25.04067123,1.61867596,679.79651611,514.13227769,3.64051026,1.67411699,99.25345135
2021-09-23,7.58624674,115.5882371,491.96775002,1770.0081301,1382.1937374,10.30330853,233.89414189,1.95583,85.32060788,129.36386156,0.85549776,4137.60352562,733.27438805,208.80379884,50.08099933,16.03985773,11446.46475213,2.45641453,139.36465192,12389.73912323,7.06120925,922.26150102,1.0,10.13106164,13.2942822,2717.40458746,24.50919601,8079.48040339,17.32558022,66.20684951,294.41897734,0.85549776,20.73829238,1.9950064,1.58470569,0.83246154,1.95583,10.56382616,356.1312247,54.16817918,4.31200986,719.55007807,160.72616649,198.58824569,0.85549776,9.13903263,60.53973916,4.4030053,26747.03361744,10.27367903,7.96774286,10.09339114,49344.06550146,,245.28087483,173.90417921,12504.98342156,3349.19439357,4.61178449,17.32558022,4.11484508,0.96279189,93.85041083,2.94023304,110.27000001,25.38295508,483.17049419,0.44147466,2.1008575,61.63032162,11565.9136459,121.25299559,4.91064899,9.07294484,41.18722242,8.09772843,19.42498906,17.6120212,4502.91970871,7.4359632,16722.36425547,0.45145481,1.17413475,2323.74423808,2.62461699,3.02207502,31.31759341,42.17793089,86.69651752,99.99970992,4.27385048,9.45615355,18.13880415,2.36426981,1476.89905213,131.30530704,129.65882858,499.08812924,4711980.74380762,1.58470569,566.60308371,13.09995015,4638.41568115,50.11150161,28.23851832,1.17413475,86.69651752,9.41320361,28.35996532,59.18728443,1.17413475,1714.16433345,32.55573769,39.1449681,957.84582353,23.55729648,4.95004135,4.82131688,655.95700003,3.75642514,1.08561855,0.82708741,0.35364537,117.64985077,1.17413475,655.95700003,0.00067086,4774.30059619,2327.17089592,0.05177291,5.30836734,3.17262693,150.67896443,119.33174225,4.12311202,0.85549776,18.42703134,17.32558022,200.9480835,3.28310287,1056.74498799,74.91062644,17.32558022,1.48745691,2076.5948095,1.17413475,6.22734488,1183.28695228,25.11525688,1.60869867,679.49263327,515.86156074,3.65456374,1.66132006,99.56554268
2021-09-24,7.57580605,115.44292135,491.96774998,1766.0768161,1382.67785239,10.41231653,233.98927222,1.95583,85.51938975,129.33059667,0.85631752,4129.57230343,731.72514919,208.53123764,49.91677735,15.87724933,11441.87421384,2.45327856,139.00501157,12330.56917626,7.0494816,928.80667605,1.0,10.13241934,13.25951879,2714.75709555,24.44318452,8060.98849835,17.47564194,66.12170921,293.9206916,0.85631752,20.67644117,1.99158479,1.58560234,0.83061258,1.95583,10.53398994,356.73042981,54.00549565,4.30243258,703.97651013,160.36415259,198.51062414,0.85631752,9.12120004,60.37208291,4.39322591,26667.07488634,10.25086046,7.96009131,10.04621716,49233.79063208,,246.00573066,173.65213022,12499.98370189,3339.52453241,4.603324,17.47564194,4.10027472,0.96082781,93.63930708,2.92304022,110.26999999,25.43369644,482.0722854,0.44049412,2.09411058,61.50165354,11534.30609015,121.35346858,4.90629417,9.05964415,41.26918046,8.08540309,19.32431119,17.57290364,4495.22181263,7.4327702,16749.58442119,0.4504521,1.17152691,2326.65877464,2.60454626,2.99779524,31.33483838,42.31066898,86.47279102,99.90938505,4.26435795,9.44017425,18.03826597,2.3610305,1473.61875425,130.05272295,129.85741557,498.52223226,4792688.10829301,1.58560234,564.94245952,13.25219645,4619.70391758,50.04294189,28.34235482,1.17152691,86.47279102,9.39483604,28.12601588,59.37209897,1.17152691,1710.34402685,32.49898479,39.1471802,953.93405182,23.49509306,4.94810119,4.81282227,655.95699997,3.74739241,1.08211152,0.82558135,0.35256621,117.57405104,1.17152691,655.95699997,0.00066924,4788.76181535,2338.43673093,0.05222958,5.31824469,3.16602259,150.4464184,119.33174224,4.12598893,0.85631752,18.38609589,17.47564194,200.29566938,3.28132027,1054.60990608,74.62532839,17.47564194,1.48315157,2141.25441404,1.17152691,6.25006919,1188.74875512,25.08704796,1.61345159,675.77618538,514.71000521,3.6526167,1.66670832,99.34545238
2021-09-25,7.57830145,115.55182407,491.96775,1766.67338178,1383.49056357,10.41733706,234.06789731,1.95583,85.56404156,129.42434015,0.85694454,4138.09791168,735.62569232,208.6018137,49.98626831,17.07369997,11459.88210107,2.45312162,139.09220765,12334.72949604,7.01546912,929.35936439,1.0,10.14006076,13.26396225,2715.8552535,24.61515153,8081.86398888,17.5163932,66.18112804,293.618472,0.85694454,20.70670476,1.99226403,1.5864878,0.83089315,1.95583,10.54120966,356.84969379,54.07193821,4.3038859,704.22501169,160.78003996,198.11335182,0.85694454,9.12566402,60.40806701,4.3947099,26714.19468887,10.25432311,7.96377478,10.05883361,49250.42236524,,246.08957129,172.71263075,12504.35992758,3340.64916364,4.6016809,17.5163932,4.10172542,0.9610377,93.67254246,2.92395129,110.27,25.42438077,482.2554287,0.44064291,2.0948127,61.51214007,11519.55005238,121.42784717,4.90945429,9.06575069,41.29658617,8.08179433,19.49549497,17.57883962,4493.76945812,7.43758535,16709.62793466,0.45060426,1.17192264,2327.52726486,2.60542433,2.99880562,31.23788046,42.2551096,86.52703431,99.54532082,4.26579841,9.44336337,18.21725758,2.36141777,1474.11653009,130.09656217,129.74606906,498.58615333,4755800.52809464,1.5864878,565.14695493,13.06296997,4612.2528952,50.41207004,28.26988945,1.17192264,86.52703431,9.39943394,29.21730396,59.3528131,1.17192264,1710.92154361,32.56139463,39.20431686,957.32063371,23.50767565,4.94984161,4.8072578,655.957,3.7489783,1.08281193,0.82585621,0.35337906,117.46795612,1.17192264,655.957,0.00066948,4772.46472357,2328.33354856,0.05224799,5.31128295,3.16463658,150.480935,119.33174224,4.13871765,0.85694454,18.38112303,17.5163932,200.36326012,3.27491141,1054.8246199,74.65049094,17.5163932,1.48289434,2070.82436773,1.17192264,6.25698736,1166.2448533,25.06097872,1.6142158,685.42767028,514.88376101,3.65388183,1.67076318,99.37901042
2021-09-26,7.56896895,115.53980699,491.96774999,1767.22715684,1377.84879777,10.39067185,234.01592583,1.95583,85.16271912,129.48199698,0.8573834,4136.61119823,733.25900422,208.44057902,50.10226107,16.11544797,11482.02954425,2.44988438,139.02246813,12393.67722924,7.07602616,929.43511313,1.0,10.1180129,13.29618066,2717.91266026,24.7102158,8069.40298426,17.48769154,66.2476846,294.04933523,0.8573834,20.75206704,1.99169495,1.58492874,0.8311536,1.95583,10.54615441,356.92772638,54.36566514,4.30523498,708.9664166,160.51133303,198.57329899,0.8573834,9.12453204,60.4123643,4.39608745,26699.37351602,10.25753739,7.97036357,10.03207668,49265.84976818,,245.08374708,173.67229937,12482.48249954,3340.60197741,4.60357931,17.48769154,4.09539093,0.96126488,93.70192744,2.93287127,110.27,25.41800121,482.57775392,0.44078104,2.0979567,61.5886946,11573.32148537,121.41259823,4.90602003,9.07103035,41.22287311,8.09374535,19.43549096,17.58434982,4494.47592656,7.43603775,16709.34725556,0.4507455,1.17228999,2319.2132436,2.64044608,3.01188931,31.31496163,42.22472884,86.48365047,99.94825643,4.26713556,9.44232544,18.06890476,2.3638026,1474.57860134,131.61447971,129.61549069,498.2684978,4790415.25505773,1.58492874,563.69752948,13.0670918,4651.70882405,50.14837826,28.28098914,1.17228999,86.48365047,9.398268,28.53919809,59.76310454,1.17228999,1711.45775717,32.47525024,39.20028096,955.03387578,23.48340493,4.9490263,4.81809349,655.95699998,3.74889736,1.08474437,0.82652294,0.35297573,117.67144583,1.17228999,655.95699998,0.00066723,4783.36901099,2331.99364381,0.05168404,5.32066215,3.16738084,150.88661044,119.33174224,4.11327936,0.8573834,18.39473942,17.48769154,200.5430061,3.27460438,1055.01314743,74.81612706,17.48769154,1.48050551,2161.68322264,1.17228999,6.2577219,1166.67080162,25.10504157,1.60944874,684.73392259,515.04416683,3.64566773,1.66868886,99.40844283
2021-09-27,7.5482358,115.24272467,491.96775,1762.71660863,1381.51746624,10.31795886,234.2274106,1.95583,84.79458736,129.33545741,0.85336316,4129.79053151,731.68866378,207.88406508,49.91396034,15.61007399,11429.57077694,2.45076176,138.72109003,12380.50956786,7.06189778,927.8468467,1.0,10.18013769,13.26396445,2701.68067699,24.71071265,8052.98919073,17.49995551,66.08656241,293.29630099,0.85336316,20.69615127,1.98661265,1.58329412,0.82903222,1.95583,10.53299736,357.9989211,54.2350735,4.2942466,708.7385844,160.22119485,198.68637696,0.85336316,9.09839154,60.32759515,4.38486719,26451.99217707,10.23135677,7.95225767,10.05884522,49139.31875777,,244.45675496,172.85372159,12468.97932683,3337.74144583,4.59799419,17.49995551,4.09669572,0.95882334,93.4628949,2.91399658,110.27,25.42061184,481.17448842,0.43965602,2.0927691,61.50580835,11533.5441605,121.66538344,4.89127021,9.05097,41.12327154,8.0702578,19.53256309,17.53946874,4495.278986,7.43612132,16672.13550066,0.44959505,1.16929792,2307.05844806,2.6342675,3.00333956,31.1133534,42.14750738,86.29616798,99.93467598,4.25624441,9.41834868,18.01222727,2.35826169,1470.81498904,131.06349186,130.02820187,496.09342624,4888631.13600022,1.58329412,561.15429876,13.03381063,4646.56886827,49.57891792,28.21864648,1.16929792,86.29616798,9.37134328,28.19883222,59.55672832,1.16929792,1707.06382487,32.4185028,39.33642038,953.47825567,23.51086363,4.94966703,4.82394361,655.95700001,3.74396684,1.08355175,0.82512292,0.35216462,117.59780954,1.16929792,655.95700001,0.00066772,4781.56418759,2326.21118547,0.05169031,5.30915486,3.15986631,149.70410071,119.33174224,4.10279618,0.85336316,18.36943976,17.49995551,199.89706246,3.26875274,1052.34851314,74.63635106,17.49995551,1.47439177,2159.76534576,1.16929792,6.30498785,1164.20668118,25.07760811,1.60218418,682.99911996,513.63421731,3.64510668,1.66635406,99.15474301
2021-09-28,7.55627125,115.1815412,491.96774998,1761.30442897,1383.83876741,10.37762925,233.39577405,1.95583,85.03984669,129.10259611,0.86258008,4114.95890369,730.69778601,207.71807976,49.89945645,15.23053006,11421.88964623,2.44923857,139.22420969,12342.60230987,7.03721487,937.79560823,1.0,10.20017393,13.24654664,2688.01343128,24.73428298,8049.41881394,17.65600693,65.88518029,293.07376935,0.86258008,20.66563229,1.98502136,1.58602794,0.82836805,1.95583,10.52577739,359.77684647,53.7438532,4.29080631,708.7940212,159.70173473,199.02434762,0.86258008,9.09357122,60.18685618,4.3813543,26459.01855165,10.22316004,7.9352655,10.11525821,49101.74311142,,243.97399297,172.84922473,12475.99653265,3334.33567876,4.63684251,17.65600693,4.08172536,0.95806235,93.38692171,2.91536541,110.27,25.50013692,478.67415104,0.43930379,2.09110813,61.58174396,11515.60433329,121.61927286,4.88985784,9.03705072,41.02694656,8.06373144,19.51464215,17.5254172,4480.01933732,7.43596893,16705.20830904,0.44923486,1.16836115,2310.14602082,2.63913356,3.02218119,31.04336653,42.27795379,86.60915066,99.87320569,4.25283457,9.41091613,18.03126004,2.35464838,1469.63666292,131.38544221,130.20954565,496.84862488,4891408.63563818,1.58602794,562.27985677,13.02348631,4664.4104451,49.89529411,28.14515015,1.16836115,86.60915066,9.36637836,28.15539646,59.5885502,1.16836115,1705.75226936,32.47607751,39.57459882,952.81379941,23.73798636,4.95050361,4.82349163,655.95699997,3.75192559,1.08606844,0.82573088,0.35210481,117.58419525,1.16836115,655.95699997,0.00067196,4796.46499842,2320.67157262,0.05186769,5.2985498,3.15738722,149.896603,119.33174224,4.09952912,0.86258008,18.35501448,17.65600693,199.81370093,3.2862322,1051.55535171,74.57673428,17.65600693,1.48169952,2157.63314998,1.16836115,6.34358055,1164.51948511,24.94578536,1.61251691,682.4566735,513.4615613,3.63833677,1.68147306,99.07685213
2021-09-29,7.50709138,114.48552996,491.96774999,1749.97305007,1375.22024647,10.36693774,232.99120547,1.95583,84.468346,128.7298511,0.86297559,4127.84099142,727.6419258,206.36262157,49.80998512,14.99498719,11379.20810049,2.42594389,138.51946746,12269.77147666,7.04265443,940.29519903,1.0,10.21374147,13.19753122,2669.71042853,24.5201018,8012.02969381,17.57748953,65.71023833,291.24112722,0.86297559,20.55897377,1.97225145,1.57910199,0.82303873,1.95583,10.5016585,360.37968477,53.39789158,4.26320134,698.83777346,159.62164999,198.34573266,0.86297559,9.0388437,59.78877487,4.35316679,26393.98102427,10.15738918,7.90074505,10.1722806,48805.83951852,,242.93163734,172.02826301,12382.16083102,3320.10693942,4.62991103,17.57748953,4.05562389,0.95189958,92.78808776,2.90212333,110.27,25.51163384,476.59330699,0.43647752,2.07789064,61.66058766,11587.21957025,121.53170798,4.86179649,9.00098438,40.95779449,8.03095259,19.5197231,17.41266716,4453.21525004,7.43620489,16610.89754861,0.4463447,1.16084448,2302.11458728,2.63574247,2.99459303,30.86185882,42.19690238,86.17074181,99.66127106,4.2254739,9.35031518,17.85524566,2.34519888,1460.18173304,131.48342992,129.81689885,493.9853043,4874882.75472099,1.57910199,559.67314018,12.93991656,4637.48622074,49.75536907,28.09516046,1.16084448,86.17074181,9.31000901,28.03606628,59.08936369,1.16084448,1694.75166007,32.36157371,39.3676917,946.06133406,23.76830861,4.94723421,4.79140843,655.95699998,3.7351589,1.08328317,0.82295656,0.35009818,117.60488288,1.16084448,655.95699998,0.00066994,4754.53732768,2318.05756014,0.05375626,5.29405659,3.13707174,150.90638508,119.33174224,4.07315947,0.86297559,18.23642926,17.57748953,198.57373973,3.2601771,1044.77254743,74.08742517,17.57748953,1.47875794,2164.30923279,1.16084448,6.28663796,1184.81101752,24.84520582,1.61100174,673.68504196,510.05567357,3.60995827,1.68594223,98.42880621
2021-09-30,7.46352843,114.29966566,491.96775001,1745.28211579,1374.6915798,10.29675331,231.3630793,1.95583,84.3590173,127.94796029,0.86046299,4117.12097695,724.75630609,205.83427682,49.62063027,15.00375306,11293.31240152,2.44296593,138.19197338,12254.20416266,6.98515119,938.76004526,1.0,10.15072348,13.13156237,2662.39222553,24.52597565,7980.13823237,17.49454571,65.27107389,289.65413827,0.86046299,20.37729325,1.96696618,1.5745681,0.82083252,1.95583,10.50634054,359.05414841,53.25581229,4.25177351,698.09583054,159.41150076,197.97756331,0.86046299,9.01440094,59.62876088,4.3414978,26324.41906337,10.13016153,7.86473181,10.14328917,48653.95899416,,241.92199143,170.91346671,12363.23999268,3304.00662302,4.60994114,17.49454571,4.04465263,0.94934044,92.53726864,2.90589977,110.27,25.34531478,474.95438743,0.43530751,2.0720722,61.63208397,11468.09167427,121.65437624,4.8455743,8.95963384,40.6714583,7.99340249,19.39689046,17.3659912,4409.14344783,7.43683886,16572.42022297,0.44514824,1.15773275,2292.45844575,2.62623257,2.99942248,30.79239521,41.85880516,85.96701299,99.07520157,4.2141472,9.32534644,17.84562032,2.33410653,1456.26760616,130.60374855,128.81544821,493.46459737,4858373.3151408,1.5745681,558.96752373,13.111519,4599.96560641,49.38162127,27.90884818,1.15773275,85.96701299,9.28483296,27.90821916,58.96827096,1.15773275,1690.24310023,32.25366643,39.06851233,944.09393751,23.94459628,4.94876691,4.78485902,655.95700002,3.73595772,1.07873706,0.82090375,0.34930616,117.62698662,1.15773275,655.95700002,0.00065952,4726.10109737,2300.87426054,0.05233995,5.26480442,3.12865015,151.11604033,119.33174225,4.06228526,0.86046299,18.19947556,17.49454571,197.92347307,3.27935107,1041.95172412,73.89829055,17.49454571,1.47125247,2142.34398481,1.15773275,6.30203379,1155.78510293,24.82221042,1.60297235,669.33049003,508.49559548,3.60274939,1.67865547,98.17641245
2021-10-01,7.47575707,114.4662155,491.96775,1748.18687564,1371.25096567,10.27018764,231.59702968,1.95583,84.34593916,128.16389334,0.85595749,4118.58991759,725.84048683,206.41798747,49.81386157,14.95919965,11323.67556927,2.45890611,138.22954519,12200.59974155,7.01026949,931.49169598,1.0,10.15909706,13.12202834,2672.18076663,24.52365491,8000.5068025,17.23855623,65.42971377,290.18244376,0.85595749,20.31110281,1.97134003,1.5746436,0.82219867,1.95583,10.49871159,357.79630889,53.57462764,4.25884995,694.81739354,159.3622885,197.98217859,0.85595749,9.02790012,59.71949947,4.34872357,26393.70810061,10.14702167,7.87369411,10.00562031,48735.06259171,,243.15811969,169.94376121,12380.1430398,3305.79181393,4.5806367,17.23855623,4.05127585,0.95092559,92.69146545,2.91064876,110.27,25.32352001,476.34958664,0.43603202,2.07293407,61.72612978,11555.17844679,121.56303698,4.85060049,8.97187677,40.87505722,8.00391519,19.42582717,17.39489428,4394.99514039,7.43858287,16544.88304556,0.44588912,1.15965962,2302.60636788,2.61195156,2.98119468,30.90935085,41.98197956,85.99038581,99.22934261,4.22116101,9.340764,17.93295431,2.337216,1458.69134478,129.80587599,128.8077074,494.7071957,4874018.65879111,1.5746436,562.6999023,13.08881391,4584.62097914,49.52005665,27.93313365,1.15965962,85.99038581,9.29873712,27.88482899,58.84231601,1.15965962,1693.0196686,32.20667669,38.95066876,945.01538949,23.71592849,4.94633743,4.79771287,655.95699999,3.73264415,1.07927541,0.82144371,0.34946665,117.62439126,1.15965962,655.95699999,0.00065854,4747.06428879,2312.83725989,0.05147127,5.2870921,3.13385681,150.29811711,119.33174224,4.06893003,0.85595749,18.2302115,17.23855623,198.04472146,3.25894338,1043.70257591,73.86990571,17.23855623,1.46688768,2153.733597,1.15965962,6.22268134,1156.44077655,24.85292881,1.59789672,669.8958476,509.34503687,3.61909965,1.67003635,98.33723896
2021-10-02,7.47578877,114.42508396,491.96775,1748.20242619,1370.65501331,10.26968543,231.68332764,1.95583,84.24512703,128.19322967,0.85613456,4106.84838036,726.65513206,206.42066668,49.72902628,15.56809807,11312.33791637,2.45895269,138.22963863,12200.67205918,6.98361859,931.1706798,1.0,10.15778274,13.12214507,2671.82476039,24.52468442,8015.00687478,17.25345226,65.44126936,290.18748654,0.85613456,20.36200441,1.97137384,1.57452115,0.82220598,1.95583,10.50710903,357.71930556,53.5756423,4.25888783,694.75110466,159.50616759,197.89311107,0.85613456,9.02807902,59.71541795,4.34876225,26410.35478434,10.14711193,7.86338864,10.00013688,48735.49806359,,243.16335023,169.86614883,12380.25316425,3305.77723649,4.58023568,17.25345226,4.05131189,0.95093407,92.69322002,2.91073185,110.27,25.32330268,476.37303339,0.4360359,2.07291787,61.69848599,11540.15732682,121.97778049,4.84983862,8.97146003,40.79271589,8.00510606,19.44203243,17.39504902,4394.47527229,7.43907313,16547.46045783,0.44589309,1.15966993,2302.90884861,2.61190997,2.98117041,30.92952467,42.01068918,85.99044394,98.97337357,4.22119856,9.34084709,17.92369715,2.33717013,1458.70432021,129.8036598,128.79727217,494.2889732,4906232.2186586,1.57452115,562.75669101,13.11363625,4584.70866344,49.63705934,27.93859698,1.15966993,85.99044394,9.29892139,28.07102967,58.84952475,1.15966993,1693.03369361,32.21846927,38.98078423,945.99844162,23.7145052,4.94631152,4.79263778,655.957,3.73321254,1.0791377,0.82146622,0.34946566,117.38028347,1.15966993,655.957,0.00065853,4743.12598664,2309.40887869,0.0514684,5.28600194,3.13340592,150.34759888,119.33174224,4.06901596,0.85613456,18.23145128,17.25345226,198.0360575,3.25598756,1043.70659419,73.87009745,17.25345226,1.46715378,2120.46112357,1.15966993,6.22217793,1156.08971482,24.86857799,1.59728151,669.90755758,509.34906024,3.6186844,1.67046732,98.3381137
2021-10-03,7.47390847,114.34949783,491.96774999,1747.48843592,1370.77654246,10.27414313,231.16036558,1.95583,84.3668178,128.03632265,0.85630784,4103.06142681,724.62019788,206.10466222,49.66739245,15.06745475,11296.23161278,2.45605935,138.23872336,12237.78329476,6.99926828,931.05773331,1.0,10.14687599,13.1102477,2685.02541185,24.51554713,7999.61607064,17.29142713,65.42475805,290.06063084,0.85630784,20.31787659,1.96944963,1.57339231,0.82187018,1.95583,10.49831785,357.21462136,53.66297931,4.25714845,700.37720591,159.85980573,197.53079732,0.85630784,9.02640495,59.69149406,4.34698616,26335.08976959,10.1429677,7.85509354,10.01052693,48715.42384771,,241.86007951,169.25252667,12383.20992813,3312.11730574,4.57684504,17.29142713,4.04964551,0.95054208,92.65708581,2.90794993,110.27,25.32266149,476.18634433,0.43585781,2.07464365,61.55196744,11529.10454108,122.12659299,4.83645617,8.95300673,40.62184926,7.98772706,19.396308,17.38794464,4394.32487092,7.43685083,16546.80159427,0.44571098,1.15919631,2293.71737765,2.62696443,2.99686217,30.8955508,42.06846073,85.9960954,98.99826421,4.21947457,9.34826258,17.88539437,2.33186932,1458.10856501,130.34600306,128.74742768,493.74205493,4909070.67180474,1.57339231,561.01556633,13.07962882,4579.8430306,49.50692883,27.87428458,1.15919631,85.9960954,9.2971971,27.91594712,58.82759913,1.15919631,1692.36327724,32.28426868,39.0426919,944.89802532,23.69877188,4.94294483,4.78952625,655.95699999,3.73369594,1.07899835,0.82090177,0.34947904,117.38200654,1.15919631,655.95699999,0.00065886,4747.18417996,2299.18226115,0.05145204,5.27603169,3.13250942,150.29675083,119.33174224,4.0673431,0.85630784,18.22910216,17.29142713,198.15210524,3.25757678,1043.25862592,73.9656213,17.29142713,1.46439813,2131.61797568,1.15919631,6.22336976,1155.83983323,24.88008606,1.59590306,669.61518145,509.13605613,3.64795704,1.67123225,98.29929011
2021-10-04,7.48843117,114.76460254,491.96774997,1749.27744308,1377.29347336,10.27596376,232.24976853,1.95583,84.12654327,128.48846993,0.85327113,4132.16032772,726.40777936,206.29308501,49.88232792,15.03506805,11323.70628959,2.45223261,139.10901716,12269.41589211,7.01875905,934.96026687,1.0,10.14912773,13.15667033,2668.58029814,24.50958494,8014.17870915,17.48592164,65.43159721,290.22882134,0.85327113,20.37004839,1.9714973,1.57582127,0.82271158,1.95583,10.50017765,356.11258935,53.87731722,4.26150674,698.33394109,159.11728829,198.53581721,0.85327113,9.03435093,59.77454561,4.35143643,26336.46203534,10.15335166,7.87322803,9.96372903,48765.34985464,,242.34851628,170.90966227,12361.12022265,3307.85873481,4.59593107,17.48592164,4.05525325,0.95150871,92.74977258,2.91820246,110.26999999,25.34754978,478.0488876,0.43630403,2.07694308,61.57074412,11545.37798366,121.46626236,4.84934955,8.97777069,40.86695734,8.00929904,19.60209777,17.4057457,4398.95420001,7.43788533,16538.05173252,0.44616728,1.16038305,2303.52506492,2.62630052,2.99722929,30.77672893,42.04953672,86.53749123,99.31544468,4.22379429,9.34739507,17.90320613,2.33837405,1459.60131689,130.5197672,128.92932928,492.89430721,4839048.70827629,1.57582127,561.52889652,13.08816963,4596.70475059,49.41825198,27.98065648,1.16038305,86.53749123,9.30538146,27.95396455,58.79928778,1.16038305,1694.07023546,32.41193077,39.23566339,945.79909965,23.8349355,4.95378115,4.7957117,655.95699996,3.74233132,1.07427603,0.82119407,0.34978431,117.55669203,1.16038305,655.95699996,0.00065832,4733.93897617,2307.05644004,0.05163916,5.28691621,3.1357344,148.79813206,119.33174224,4.07244892,0.85327113,18.22840514,17.48592164,198.43677008,3.25742717,1044.26442603,74.12641803,17.48592164,1.4631286,2152.67856792,1.16038305,6.3301427,1178.60418129,24.87142933,1.59473645,671.85366493,509.65786085,3.63756492,1.67075366,98.39923957
2021-10-05,7.47882526,114.65215907,491.96775,1747.72567247,1380.26922176,10.29362413,231.62321469,1.95583,83.91271469,128.2523278,0.85165642,4127.67991622,725.86989388,206.14253561,49.81328172,15.18671508,11306.92400142,2.43849191,138.99698494,12225.40688532,7.0167695,940.46254198,1.0,10.14764609,13.12898955,2666.18539111,24.51120484,8013.61913195,17.45609249,65.31391945,290.06483893,0.85165642,20.33502714,1.9698294,1.57415683,0.82198176,1.95583,10.50243382,358.30355377,53.82154435,4.25772639,697.36489828,159.51123208,198.18058055,0.85165642,9.02628992,59.80752288,4.3475763,26349.12468307,10.1443447,7.86025256,9.90753083,48722.11994555,,242.26666487,170.81633105,12372.38490854,3310.15744149,4.60596889,17.45609249,4.05138801,0.95067025,92.66748777,2.89801862,110.27,25.33581438,476.81387179,0.43591698,2.07477786,61.60020649,11589.43973838,121.47805398,4.8453096,8.96502841,40.80871886,7.99388755,19.72620956,17.3903052,4386.02286338,7.4378025,16502.55525885,0.44577149,1.15935368,2293.72355954,2.62162506,2.98932599,30.66422562,41.99311055,86.46779779,99.1946913,4.22004739,9.33973363,17.90823993,2.33594639,1458.30651575,130.32295395,129.42462923,491.85330542,4.86851411,1.57415683,560.50413871,13.09783572,4572.74409131,49.59147225,27.93933194,1.15935368,86.46779779,9.29707861,28.0685807,58.78706658,1.15935368,1692.56978467,32.38134235,39.28076264,945.26979661,23.91585486,4.94434123,4.78664055,655.957,3.74782505,1.0768887,0.82084105,0.34944024,117.57023923,1.15935368,655.957,0.00066055,4729.98436539,2304.69791312,0.0515865,5.27858851,3.13270156,148.78990955,119.33174224,4.07022443,0.85165642,18.21228305,17.45609249,198.12090338,3.26908966,1043.42662928,74.00555771,17.45609249,1.46072449,2136.25394105,1.15935368,6.34898442,1174.1576509,24.81058957,1.59561467,671.89023727,509.20929971,3.63517359,1.67217977,98.31337471
2021-10-06,7.45756096,114.27878407,491.96775,1741.73876832,1374.79319042,10.25851916,230.46054176,1.95583,83.64521829,127.72542043,0.85085089,4111.3565657,722.56861489,205.42303228,49.61270678,15.24269485,11250.02642718,2.43891891,138.89933166,12180.47478345,6.98749828,939.49111051,1.0,10.16815651,13.06154447,2657.47270315,24.70067824,7992.92793707,17.31234028,64.89127498,289.10666506,0.85085089,20.18759214,1.96302349,1.57004162,0.81916603,1.95583,10.48423058,358.79520918,53.43618113,4.24314138,694.06424945,159.07310522,197.47583111,0.85085089,8.99500668,59.58034251,4.3326835,26264.74431362,10.10959484,7.82619603,9.91351322,48553.62697462,,241.17959528,170.6027691,12322.77093068,3296.40663944,4.55117322,17.31234028,4.03712839,0.94740859,92.35075018,2.88160473,110.27,25.38805444,474.56721963,0.43442373,2.06771893,61.57394221,11549.01598439,121.28517108,4.83094875,8.92835048,40.60771082,7.96537431,19.66887754,17.33073401,4376.43202868,7.43982146,16462.74076811,0.44424448,1.15538227,2286.42289385,2.62058192,2.98888693,30.53924737,41.78730828,86.40704924,98.86562893,4.20559145,9.31545081,17.81647949,2.32551658,1453.31102849,129.92161345,128.78630747,492.10738936,4.82075185,1.57004162,556.55114271,13.0827084,4552.39087697,49.13964828,27.79057966,1.15538227,86.40704924,9.26485689,27.86406788,58.66253312,1.15538227,1686.76522851,32.32370808,39.0897499,944.22405796,23.77218864,4.9445387,4.77787513,655.957,3.7381933,1.07215085,0.81915272,0.34852005,117.5212359,1.15538227,655.957,0.00065652,4706.18658426,2291.86495477,0.05121257,5.25183339,3.12214093,148.6146342,119.33174224,4.05606064,0.85085089,18.13717889,17.31234028,197.23665957,3.26790867,1039.7830635,73.7396089,17.31234028,1.45465925,2180.24561648,1.15538227,6.34664746,1168.95613537,24.82711455,1.58727227,668.04429562,507.44119946,3.63006275,1.67040058,97.97680438
2021-10-07,7.45055543,114.19805162,491.96774999,1741.44224719,1378.81323186,10.25821915,230.95468214,1.95583,82.95520128,127.90411303,0.84888625,4124.56375622,723.47956038,205.40916231,49.81044232,15.08217206,11266.85322029,2.42780033,139.13391992,12245.33133178,6.98605728,938.32172866,1.0,10.15277418,13.06365364,2656.56316239,24.66707187,7990.48342175,17.2894438,65.01334169,289.22688718,0.84888625,20.15760964,1.96279556,1.56913187,0.81902657,1.95583,10.48567656,358.59886194,53.68149825,4.24241901,695.79554785,159.12419795,197.67414066,0.84888625,8.99394523,59.59087681,4.33194589,26275.14691112,10.10787374,7.83488039,9.91367341,48546.15801566,,241.39682936,170.69218603,12332.33020122,3297.13234003,4.58671013,17.2894438,4.03673713,0.9472652,92.33485757,2.86259478,110.27,25.44419009,474.78612817,0.43434977,2.0672395,61.56291462,11565.45173417,121.22670555,4.83033749,8.93425257,40.65638085,7.97789839,19.72527761,17.32778355,4361.70313355,7.44076909,16434.94656758,0.44416885,1.15518557,2286.02348363,2.60542127,2.97416397,30.40710637,41.84832556,86.55298284,98.73842372,4.20487548,9.30615389,17.82716882,2.32719665,1453.06361055,129.5404024,129.22065835,491.77581992,4.80891248,1.56913187,554.0448618,13.03880276,4565.09992759,49.55502056,27.8307477,1.15518557,86.55298284,9.26376359,28.00117445,58.22459885,1.15518557,1686.43012061,32.39119155,39.106177,942.73682831,23.89623563,4.94711215,4.73498068,655.95699999,3.72730688,1.07358629,0.81893411,0.34854264,117.52178179,1.15518557,655.95699999,0.00065686,4710.99616744,2296.98953628,0.05138623,5.26251389,3.12143439,148.98831009,119.33174224,4.05686633,0.84888625,18.13397172,17.2894438,197.02857844,3.27766964,1039.64634901,73.72751364,17.2894438,1.44967456,2182.75487211,1.15518557,6.37216371,1154.05935334,24.77395965,1.58075856,675.24674921,507.24198014,3.6151948,1.66564395,97.94849007
2021-10-08,7.46025562,114.45672887,491.96775,1745.3622569,1385.43574946,10.38671714,231.55617399,1.95583,83.2186114,128.16998755,0.85027142,4144.80866232,724.8243533,206.11192886,50.14945459,15.41785564,11288.72881143,2.43743821,139.88826561,12293.32101866,6.99550064,954.54691163,1.0,10.11327775,13.07853736,2666.9877327,24.7464396,7995.74262457,17.34127162,65.32317542,289.69549168,0.85027142,20.10525381,1.96820948,1.56833443,0.82087021,1.95583,10.5004847,360.44190108,53.76870327,4.25196875,692.87287379,159.12809059,197.81078788,0.85027142,9.01267133,59.67431683,4.34169716,26349.8019347,10.1306267,7.8608972,9.85873259,48656.37918178,,243.15045976,171.60210155,12362.74461453,3300.19077099,4.60316578,17.34127162,4.06355386,0.94948811,92.5426764,2.85976742,110.27,25.46906734,475.62970137,0.4353275,2.06955387,61.70772719,11626.29414309,121.28096974,4.83736238,8.95526409,40.77500885,7.99376989,19.8321642,17.36678863,4360.85895704,7.44356904,16509.96140477,0.44516868,1.15778591,2298.71683591,2.60037139,2.96677926,30.62053478,41.99879147,87.02224921,99.08877849,4.21434071,9.3407614,17.83351439,2.33251349,1456.3344761,128.91693551,129.96419779,492.6186198,4.81283911,1.56833443,554.89046633,13.07533111,4573.95046081,49.31408662,27.98303065,1.15778591,87.02224921,9.28305147,27.87894101,58.5755153,1.15778591,1690.26976019,32.5061175,39.15623116,944.49327888,23.98116806,4.95139719,4.73455043,655.957,3.74340519,1.07438595,0.82061783,0.34914346,117.61502961,1.15778591,655.957,0.00065887,4738.04149013,2310.84094031,0.0510938,5.27860156,3.12882949,149.45221184,119.33174224,4.08331175,0.85027142,18.17526114,17.34127162,197.16229021,3.27856769,1042.19499538,73.91434837,17.34127162,1.44401079,2175.15460821,1.15778591,6.37769771,1156.90975116,24.77648737,1.58407015,676.12535351,508.4007652,3.64078679,1.6682177,98.18027458
2021-10-09,7.45864586,114.43762364,491.96775,1744.93047225,1383.12490633,10.38584963,231.31877954,1.95583,83.12472412,128.25583006,0.85025081,4142.48817314,729.38393334,206.03826395,50.17317422,16.87893438,11259.28879134,2.43215256,139.935984,12291.50830064,6.92441344,954.31115577,1.0,10.13021093,13.07530186,2666.44420436,24.54057852,8027.32656014,17.29948906,65.29654402,289.66322797,0.85025081,20.10178441,1.96773214,1.56879801,0.82066713,1.95583,10.50099804,360.19618374,53.80008347,4.25091686,692.66451414,159.85296752,197.82728173,0.85025081,9.01047336,59.61337561,4.34062307,26390.83167852,10.12812049,7.86715712,9.84564416,48644.35834488,,243.06696587,171.03152715,12359.66304433,3299.28755567,4.60248286,17.29948906,4.06282188,0.94915537,92.51978753,2.85901613,110.27,25.45015983,475.53760265,0.43521981,2.06903129,61.63079505,11590.42966892,121.48031473,4.83530961,8.95054235,40.77153449,8.02590904,19.8513288,17.36249226,4359.10892555,7.44304592,16464.86726459,0.44505855,1.15749948,2298.30767356,2.59943681,2.96570322,30.61016898,41.99438877,87.05193406,99.04152134,4.21329812,9.33845668,18.13092651,2.33271788,1455.97419395,128.88490512,129.93308495,491.94008421,4.92760372,1.56879801,554.7889655,13.04054263,4524.67294125,49.99795517,27.88814455,1.15749948,87.05193406,9.28078756,28.93748977,58.54214896,1.15749948,1689.84789363,32.53543406,39.19843967,946.38690211,23.97188916,4.95161545,4.77157858,655.957,3.74390532,1.07358226,0.82041536,0.34967791,117.59548067,1.15749948,655.957,0.00065878,4708.7752483,2300.43789301,0.05107663,5.26721736,3.12527605,149.54727803,119.33174224,4.07280585,0.85025081,18.1520689,17.29948906,197.09174152,3.27401302,1041.75847901,73.89606272,17.29948906,1.4435702,2238.80552077,1.15749948,6.37763186,1155.09987535,24.71966269,1.58390452,676.05674823,508.27480958,3.62274893,1.67016575,98.15598579
2021-10-10,7.44880213,114.3534085,491.96774999,1744.42386196,1383.08920917,10.3743267,231.19825257,1.95583,83.20499909,128.06256138,0.84810353,4138.09486003,724.303536,205.7441455,50.08085508,15.88701143,11283.14393101,2.43152099,139.72049085,12318.22737699,6.98708453,954.06312477,1.0,10.10108761,13.08728766,2665.21805532,24.62932689,7990.83872323,17.32307869,65.06101642,289.53437997,0.84810353,20.11330509,1.96598173,1.566674,0.82042887,1.95583,10.48590475,360.68378149,53.77293102,4.24968268,695.4285736,159.66230737,197.49596612,0.84810353,9.00613502,59.64440343,4.33936284,26331.13213115,10.12517996,7.85569938,9.85816588,48630.32446506,,241.50076832,171.54561113,12354.94918491,3301.96997346,4.59723756,17.32307869,4.04247842,0.94886699,92.4923626,2.86001862,110.27,25.44661463,475.2910658,0.43509345,2.07088491,61.59596339,11625.38380724,121.26175033,4.82247653,8.94332109,40.69084246,7.98932955,19.8030958,17.35745136,4358.69274415,7.44117529,16439.52312469,0.44492934,1.15716342,2290.26135312,2.61988628,2.98710908,30.53058263,41.86452605,86.91787922,98.77128847,4.21207486,9.32059374,17.81894141,2.32949248,1455.5514771,129.80559767,130.4018945,492.06988477,4.81726211,1.566674,552.20643321,13.03054066,4565.49343962,49.33371931,27.84757564,1.15716342,86.91787922,9.27631907,27.9067904,58.64141676,1.15716342,1689.33054382,32.4616103,39.12765044,943.12074407,23.98122258,4.94997708,4.73621542,655.95699999,3.74021282,1.07455066,0.82013831,0.34901703,117.51523854,1.15716342,655.95699999,0.00065825,4711.80476224,2297.17401465,0.05089229,5.26838516,3.12699359,149.41086879,119.33174224,4.06020212,0.84810353,18.16298261,17.32307869,197.24541517,3.25916005,1041.45674767,73.87418197,17.32307869,1.44213625,2258.83244263,1.15716342,6.37770081,1172.30783143,24.76452142,1.58006182,677.81750182,508.13138971,3.61595992,1.66894255,98.12695316
2021-10-11,7.45809841,114.25811422,491.96775002,1742.33586645,1385.74655913,10.40489503,232.88195661,1.95583,82.99754684,128.08954182,0.85002057,4154.43475297,725.2398293,205.54081322,50.16348282,15.80150825,11276.8871644,2.42747312,140.117575,12298.54355771,6.99170935,952.87221431,1.0,10.13702322,13.07896946,2663.71677771,24.53802705,7986.49662281,17.42249518,65.1560872,289.19622569,0.85002057,20.09907391,1.96368604,1.56703571,0.81944685,1.95583,10.48539368,359.54655787,53.83430563,4.244596,694.58507271,159.02919677,197.71160811,0.85002057,8.9912271,59.57337936,4.33416882,26273.01616631,10.11306058,7.86387948,9.9216874,48572.01267885,,241.87724289,170.97850037,12329.89107426,3298.79028008,4.58980885,17.42249518,4.03766028,0.94776379,92.38277401,2.85463691,110.27,25.39653502,474.77999176,0.43457266,2.06805286,61.63637853,11665.91830329,121.34813906,4.82155168,8.94490094,40.7179428,7.99302468,19.74738934,17.33667529,4338.17502438,7.44007242,16423.29991196,0.44439678,1.15577835,2287.45249766,2.60947614,2.98362519,30.51126472,41.87102808,87.16489891,98.71046336,4.2070332,9.30951021,17.84938736,2.33014374,1453.80924861,129.28180032,130.89203768,490.85759991,4.82217651,1.56703571,551.64925728,13.06421364,4575.62166461,49.55167987,27.86084851,1.15577835,87.16489891,9.26096391,28.07185641,58.7121764,1.15577835,1687.35173329,32.56232001,38.66367098,943.53025401,24.1163142,4.94978385,4.72370947,655.95700003,3.72987742,1.07209582,0.82031071,0.34880944,117.57485254,1.15577835,655.95700003,0.00065753,4708.52736265,2299.18359358,0.05113328,5.26892761,3.12314286,149.99806564,119.33174225,4.05563362,0.85002057,18.16816371,17.42249518,196.97657439,3.25857745,1040.20486761,73.72834793,17.42249518,1.44355663,2255.28821125,1.15577835,6.39850513,1170.18761944,24.75343403,1.57535994,677.05988383,507.48414987,3.60374609,1.66777279,98.01112181
2021-10-12,7.44668972,114.37393342,491.96775003,1741.50275225,1379.44617192,10.44435983,231.85019185,1.95583,82.94624662,128.11881194,0.84849195,4162.81905387,723.5774448,205.36230954,50.2242608,17.07413316,11270.43863561,2.42522722,139.94551474,12292.37880527,7.00963459,950.92639686,1.0,10.13312326,13.07932974,2660.70623791,24.49983404,7982.69442497,17.27309724,65.12529156,289.15387103,0.84849195,20.0654167,1.96271161,1.56473037,0.81905503,1.95583,10.48489692,360.36286909,53.82227338,4.24256641,694.18448087,159.28050957,198.02408588,0.84849195,8.98902917,59.72101454,4.3320964,26259.52610555,10.10822493,7.85951388,9.87169886,48547.70171111,,241.4127063,171.12511511,12341.43039849,3298.68955556,4.58525914,17.27309724,4.03606163,0.94727966,92.33651617,2.85631401,110.27000001,25.40561802,475.34867006,0.43436487,2.0678158,61.66614141,11674.34935401,121.51822498,4.8050146,8.94262395,40.70547477,7.98298106,19.62810856,17.32838559,4298.31941898,7.44083505,16423.84915309,0.44418428,1.15522571,2283.51073819,2.59333275,2.96773591,30.45149533,41.90543916,87.05786298,98.91895868,4.20502157,9.3052912,17.80419566,2.32889369,1453.11409611,129.45113762,131.08357909,492.02802671,4.8033606,1.56473037,551.45105335,13.05724967,4577.16079888,49.17870708,27.86583419,1.15522571,87.05786298,9.25870004,28.01843636,58.49197039,1.15522571,1686.51998244,32.51585308,38.44098183,942.67638386,23.97003147,4.95014172,4.66823368,655.95700003,3.73265326,1.07370865,0.81992231,0.3487408,117.57749988,1.15522571,655.95700003,0.00065567,4708.85742197,2297.908658,0.05089372,5.27038736,3.12164507,150.00566948,119.33174225,4.05367055,0.84849195,18.14878089,17.27309724,196.64905046,3.28120737,1039.67928545,73.74938568,17.27309724,1.43879406,2227.88456299,1.15522571,6.39145062,1175.83560828,24.73660784,1.57397003,668.44486666,507.21524441,3.61816886,1.662993,97.96396843
2021-10-13,7.46685401,114.83135604,491.96774998,1747.92605211,1376.27120936,10.6163117,232.32823837,1.95583,83.53891447,128.12114711,0.8482274,4152.28124911,724.99064371,206.12219757,50.20311095,16.83421452,11254.44539597,2.42802626,140.29315784,12327.8134411,7.03141649,945.15768548,1.0,10.07335053,13.0924567,2666.65573017,24.47521069,7991.05453677,17.15561967,65.11309035,290.11526965,0.8482274,20.07367551,1.96994866,1.56467017,0.822076,1.95583,10.51809754,360.02733963,53.82802362,4.25821454,698.74197109,159.48473767,198.41702734,0.8482274,9.01989611,60.12414467,4.34807476,26296.42764867,10.14550777,7.85973068,9.84331138,48727.86395155,,241.48106042,171.7567365,12404.74725015,3304.59935761,4.5742072,17.15561967,4.06249424,0.95077989,92.67708705,2.87420187,110.26999999,25.38534761,476.94981461,0.43596696,2.07546401,61.89803607,11663.68425305,121.56643364,4.81706241,8.95461148,40.68661242,7.99724356,19.5053082,17.39229903,4336.1164063,7.44190482,16428.50443651,0.4458226,1.1594866,2292.30275769,2.6073044,2.97884838,30.59122501,41.84555507,87.27412618,99.07569452,4.22053123,9.33946297,17.85738627,2.33217499,1458.47371301,129.92828067,131.63953484,493.7510269,4.84231931,1.56467017,553.96368263,13.05152811,4584.15312095,49.70618162,27.82928187,1.1594866,87.27412618,9.290493,27.85810018,58.69650658,1.1594866,1692.76964526,32.57725001,38.49925415,945.64832096,23.84881871,4.94965274,4.6078426,655.95699997,3.74298344,1.07064254,0.82156599,0.34994238,117.54580754,1.1594866,655.95699997,0.00064772,4714.3243431,2301.54232328,0.05048209,5.27318878,3.1334242,149.4020592,119.33174224,4.06845465,0.8482274,18.22061263,17.15561967,197.50011294,3.28490865,1043.45756876,74.02412757,17.15561967,1.44063482,2215.99200962,1.1594866,6.39373555,1175.39589157,24.8171867,1.5697327,667.99293054,509.10210045,3.62921636,1.66110498,98.32410559
2021-10-14,7.4730146,115.02199508,491.96774999,1750.19124894,1372.4717201,10.67693809,233.7130524,1.95583,82.87634671,128.87903778,0.84822489,4198.1914885,728.79775173,206.39663786,50.74313537,15.08859747,11292.79273527,2.4245919,139.96427685,12341.42146385,7.04830064,958.78548674,1.0,10.01698003,13.13791422,2669.99045199,24.51186026,8003.75845585,17.16446464,65.51487344,290.59144663,0.84822489,20.10130482,1.97251194,1.56515493,0.82314136,1.95583,10.50314979,358.66730041,54.81429423,4.26373291,698.51875086,159.62156795,198.79629669,0.84822489,9.03268776,60.24746187,4.35370957,26331.46747251,10.15865567,7.89105145,9.79723802,48790.90075042,,242.48181309,171.99103116,12473.61904344,3306.44148124,4.57378715,17.16446464,4.0564274,0.95200895,92.79719044,2.85427875,110.27,25.39915811,476.94409739,0.43653195,2.07810703,61.69193961,11754.31636877,121.8860198,4.82512675,8.98795241,40.9246423,8.02372586,19.64986874,17.4148383,4376.89772571,7.44117487,16338.00943707,0.44640036,1.16098922,2307.35984304,2.61396478,2.98922723,30.63359493,42.09449746,87.06953459,99.45279759,4.22600076,9.35148328,17.84624411,2.34086729,1460.3637987,129.24841391,132.26203055,494.25885162,4.8375542,1.56515493,554.2611144,13.06541529,4615.28538165,49.76674892,28.01793097,1.16098922,87.06953459,9.30366839,27.99453197,58.80661337,1.16098922,1694.96895826,32.58865457,38.60238523,946.9807228,23.85383671,4.94972276,4.55126723,655.95699998,3.73894799,1.0717373,0.82237374,0.35034476,117.61698222,1.16098922,655.95699998,0.00064664,4738.39213235,2311.06399656,0.04936629,5.30621952,3.13740586,149.60785906,119.33174224,4.07403305,0.84822489,18.25134221,17.16446464,193.34282439,3.28796412,1044.90507884,74.11582151,17.16446464,1.43522447,2212.35296412,1.16098922,6.40207352,1182.35232815,24.77570122,1.56511941,672.22299065,509.76019528,3.63388056,1.64726822,98.45387333
2021-10-15,7.4648566,115.01840909,491.96775,1748.56656202,1371.8454004,10.7510795,234.36120864,1.95583,82.49328104,128.69884271,0.84367494,4188.54903816,727.80081289,206.46225804,50.94473348,15.16806213,11272.62105576,2.43694511,139.75937445,12223.63266437,7.02988558,955.57232329,1.0,10.00141623,13.10072114,2675.12618125,24.49242864,8005.71096045,16.84903713,65.4904502,290.25607305,0.84367494,20.05074209,1.97183655,1.56420896,0.82237724,1.95583,10.50285783,360.05550799,54.72071991,4.25977492,693.32814617,159.2244924,198.48281726,0.84367494,9.02269596,60.31416158,4.34966806,26405.08008785,10.14922548,7.8825515,9.77111547,48745.61589231,,243.31527747,171.94175415,12416.86519119,3306.5362004,4.56891723,16.84903713,4.05246757,0.95113214,92.71104764,2.84742975,110.27,25.38288289,476.71211646,0.43612672,2.07337623,61.63421803,11738.79732654,121.63489698,4.82337857,8.97320713,40.78283651,8.01238528,19.91763499,17.39867226,4365.74006868,7.44061192,16320.85057372,0.44598597,1.15991148,2303.24406705,2.58565574,2.96275293,30.60071108,42.10142839,86.94206809,99.22569282,4.2220778,9.34283932,17.87649786,2.33733358,1459.00815602,128.06707286,132.64552241,494.13396737,4.80802897,1.56420896,554.90454112,12.99956196,4589.40851704,49.95494338,28.02614595,1.15991148,86.94206809,9.29337684,27.91530365,58.82911904,1.15991148,1693.39386183,32.43793127,38.80879954,947.43641094,23.59413767,4.94983141,4.55535895,655.957,3.73742075,1.07077372,0.82153933,0.35009001,117.53262235,1.15991148,655.957,0.00065627,4730.47857724,2317.4768652,0.0495076,5.28830085,3.13485308,149.39271052,119.33174224,4.09397273,0.84367494,18.23360446,16.84903713,190.53192991,3.24637392,1043.91986955,73.88543947,16.84903713,1.43584013,2206.42817476,1.15991148,6.33256279,1178.83593425,24.79440051,1.5632091,671.64669711,509.2869748,3.63828558,1.64168332,98.36047005
2021-10-16,7.46510084,114.9490227,491.96775,1748.6001019,1374.66971593,10.75513337,232.98866783,1.95583,82.19262329,128.69487855,0.84545699,4184.78992105,730.26972846,206.46783804,50.94765754,17.23871333,11254.53301883,2.44226068,139.99808024,12223.85507868,6.9447689,955.4776134,1.0,9.999515,13.10097243,2681.97859594,24.52874866,8041.21832579,16.93468845,65.37103154,290.21351217,0.84545699,20.01501932,1.97188073,1.56400995,0.82239302,1.95583,10.50465131,360.06772149,54.20620839,4.25985663,693.3048221,159.92272624,198.48304064,0.84545699,9.02197934,60.31509841,4.3497515,26446.2871542,10.14942016,7.87823066,9.76112589,48746.57472361,,243.32222319,173.04321615,12417.09089478,3306.57260934,4.5694702,16.93468845,4.0525453,0.95115508,92.71282596,2.84763502,110.27,25.38141063,476.5896198,0.43613508,2.07338218,61.64647239,11731.04582708,121.57373406,4.81836895,8.96953108,40.77209817,8.02028302,19.68211225,17.39900599,4364.00114979,7.44138013,16354.51919005,0.44599452,1.15993373,2303.40634662,2.58569951,2.96280613,30.69079291,42.08390726,87.09056313,99.23488505,4.22215879,9.34301853,18.09666113,2.3375909,1459.03614178,128.06934851,132.6193578,493.78485202,4.91441818,1.56400995,554.93461794,13.05398193,4581.53927893,49.97575571,27.95503911,1.15993373,87.09056313,9.29263872,28.99834387,58.72606816,1.15993373,1693.42088687,32.47085406,38.76955219,947.47533185,23.5923285,4.94897781,4.56240055,655.957,3.73705994,1.07082633,0.82155268,0.35069405,117.62161934,1.15993373,655.957,0.00065621,4720.32775973,2308.31828016,0.04966861,5.27766305,3.13253749,149.52384933,119.33174224,4.07408454,0.84545699,18.22645227,16.93468845,190.53510291,3.27510759,1043.94035263,73.88680737,16.93468845,1.43585904,2137.85076867,1.15993373,6.33458645,1160.019416,24.81004789,1.56418995,676.82063516,509.29671468,3.63835537,1.64096853,98.36235674
2021-10-17,7.45939233,114.96566725,491.96775,1746.48954296,1374.13510543,10.73562016,234.54616382,1.95583,82.30723815,128.65881407,0.84377594,4187.46647211,728.35522156,206.02472705,50.86466546,15.63383766,11266.97270386,2.43381708,139.79822558,12270.51679215,6.99898321,954.34937928,1.0,9.99222673,13.10529107,2664.3897523,24.51193092,8011.54800823,16.96137268,65.4140148,289.8554676,0.84377594,20.0611551,1.96832391,1.56358888,0.82140039,1.95583,10.5001937,359.94760695,54.79011641,4.25471499,696.80751898,159.41899052,198.35050243,0.84377594,9.0115603,60.23531103,4.34450135,26318.08615152,10.13716982,7.87827104,9.78002946,48685.37483996,,242.35371886,171.78143824,12412.72548637,3301.12995511,4.56795527,16.96137268,4.04734079,0.94998277,92.60092165,2.8346792,110.27,25.37929261,475.98055527,0.43560867,2.07293464,61.60306085,11736.74548865,121.87109908,4.81719739,8.96833427,40.87881774,8.01192516,19.88440266,17.3780054,4359.41628023,7.43983605,16318.5155329,0.44545621,1.15853369,2292.69891652,2.60767633,2.97548776,30.59216465,42.03822776,86.96623675,98.98455087,4.21706264,9.33181577,17.90120327,2.33653149,1457.2750863,128.68311977,132.40919787,492.63512235,4.82054166,1.56358888,552.60675422,13.02240641,4607.33676075,49.98690205,27.9150031,1.15853369,86.96623675,9.28190711,28.16042601,58.88213097,1.15853369,1691.36469538,32.4558561,38.77164865,946.43858414,23.61888582,4.94579836,4.61955364,655.957,3.7337179,1.07119657,0.82099256,0.34982329,117.59148534,1.15853369,655.957,0.00065522,4722.72659072,2306.73657849,0.04963595,5.28554677,3.13047811,149.40245899,119.33174224,4.04941051,0.84377594,18.22324738,16.96137268,191.36890941,3.24862323,1042.59493913,73.91696162,16.96137268,1.43545305,2189.81622169,1.15853369,6.32471113,1174.42557402,24.80081536,1.56467314,670.60789522,508.64432188,3.63364144,1.63847077,98.24603207
2021-10-18,7.46587274,115.49547926,491.96774998,1754.77023831,1375.35640786,10.90492105,232.69879066,1.95583,82.66131966,128.91344988,0.84584711,4204.0722053,731.21960725,207.05161859,51.03813583,16.22987904,11271.49498653,2.4380836,140.55851967,12352.11811466,7.01505367,951.13629479,1.0,10.05236019,13.1425212,2676.35413886,24.53894229,8034.21044604,17.04630745,65.58257178,291.3378466,0.84584711,20.07830409,1.97766406,1.56696509,0.82529492,1.95583,10.5160339,361.68366887,54.7535258,4.27488803,700.66145304,160.15685743,200.66862367,0.84584711,9.05448779,60.48699209,4.3651001,26486.09537631,10.18523356,7.90305413,9.76077113,48919.00317292,,243.40634189,173.1019803,12485.22295131,3322.44980325,4.58533596,17.04630745,4.07991088,0.95451185,93.03997382,2.84283269,110.27,25.47321412,479.07529111,0.43767404,2.08243589,61.75593113,11776.94295235,121.87101194,4.85629628,8.99347771,40.85554366,8.03267112,19.72718727,17.46040038,4385.81068832,7.44166421,16396.10253434,0.44756826,1.16402669,2312.47769993,2.59290115,2.96737033,30.68343436,42.10694995,87.43920353,99.19950916,4.23705716,9.37611396,18.03618834,2.34332914,1464.18451847,129.03284918,132.85711346,495.75325308,4.85665488,1.56696509,555.11194289,13.05281478,4609.3879437,50.10107937,28.07347983,1.16402669,87.43920353,9.32612242,28.38781788,59.07395991,1.16402669,1699.37723578,32.54562268,38.84212884,950.3846722,23.71667767,4.94843251,4.68507697,655.95699997,3.74656468,1.07278041,0.82330213,0.35158453,117.60869223,1.16402669,655.95699997,0.00065627,4734.42754171,2317.3190005,0.049622,5.29097356,3.14514655,150.01075456,119.33174224,4.08455485,0.84584711,18.32754511,17.04630745,189.80077127,3.28874149,1047.62421419,74.24263715,17.04630745,1.43797213,2156.37159894,1.16402669,6.41694552,1173.20825376,24.94933712,1.56384596,675.24653081,511.10248424,3.64164466,1.63490681,98.70712895
2021-10-19,7.44267368,115.63009315,491.96775002,1755.24344783,1369.57167512,10.84212764,232.7475495,1.95583,82.55365234,129.40922151,0.84323508,4228.05748112,731.98793754,207.0998808,51.14069751,16.04389843,11300.18478585,2.41392765,140.60089365,12320.30713219,7.02381458,943.65612431,1.0,10.03814696,13.16283111,2676.98025195,24.60898193,8064.15893551,16.89757463,65.69518652,291.51249871,0.84323508,20.14261943,1.97816552,1.56445722,0.82551748,1.95583,10.51192665,362.37610478,54.53308619,4.27604084,701.86448104,159.97972664,200.81048198,0.84323508,9.05472906,60.53798242,4.36627723,26448.65438435,10.18798021,7.90186766,9.72194496,48931.67774064,,243.83347997,174.79574911,12497.25839104,3322.12906463,4.58713422,16.89757463,4.1001125,0.95474369,93.06506394,2.83275604,110.27000001,25.50949071,478.49606502,0.43779206,2.08289436,61.6236434,11795.73570124,121.8710366,4.83708359,9.00863417,41.07408651,8.03847895,19.89645015,17.46510893,4385.31411811,7.44084566,16416.77939296,0.44768896,1.1643406,2302.47192445,2.60098495,2.96175045,30.664496,42.2452987,87.4655637,99.37408048,4.23819977,9.37846879,18.02309479,2.34765111,1464.57936564,128.67966427,133.28028421,495.90823835,4.86193871,1.56445722,554.17465501,13.03317972,4616.201701,50.09805447,28.10211807,1.1643406,87.4655637,9.32637093,28.46472744,59.14881972,1.1643406,1699.86662681,32.45373162,38.94239429,952.05303839,23.55895959,4.94873239,4.59753123,655.95700003,3.74190512,1.07590966,0.82313582,0.35147499,117.56559755,1.1643406,655.95700003,0.00065641,4742.17355984,2319.85613661,0.04901977,5.31289728,3.14587798,150.00404414,119.33174225,4.08607573,0.84323508,18.29831761,16.89757463,190.13399217,3.27950639,1047.91006621,74.26264404,16.89757463,1.43806623,2166.87805442,1.1643406,6.50737399,1163.83948647,24.91516776,1.55524077,680.00284474,511.23541591,3.64442623,1.62404331,98.72632949
2021-10-20,7.45458736,115.84053166,491.96775,1758.47037748,1370.46958096,10.78665698,233.44302866,1.95583,82.62792085,129.44715796,0.84326113,4214.91680953,734.03470507,207.48304305,51.13092475,16.00088019,11278.27021002,2.41329284,140.25149931,12359.88692042,7.02501109,949.67521299,1.0,10.00216439,13.16235143,2681.57476844,24.66861236,8076.2118546,16.8079264,65.61862363,291.91303864,0.84326113,20.22013297,1.98184365,1.56552351,0.82703516,1.95583,10.52443196,362.51069561,54.98553159,4.28390213,702.07468401,160.18585178,202.24349488,0.84326113,9.06812855,60.6733549,4.37430442,26585.41687291,10.20671032,7.91176984,9.6630975,49022.54572483,,244.18198101,175.162059,12474.41405418,3328.05033761,4.58224659,16.8079264,4.09459285,0.95652466,93.23615953,2.84405929,110.27,25.52723477,479.26787396,0.43859692,2.08681373,61.67285585,11792.9624652,121.70355232,4.84932807,9.01673718,40.98541698,8.04699802,19.93816905,17.49721769,4394.02579153,7.44069286,16463.23608802,0.44851201,1.16648118,2310.80897528,2.58485007,2.95670839,30.64552693,42.2201686,87.24821108,99.44128146,4.24599149,9.39566186,17.9648989,2.34974922,1467.27192352,128.64039395,133.32186868,497.36288957,4.88239977,1.56552351,554.23553985,13.05653795,4608.56022998,49.83755936,28.07911529,1.16648118,87.24821108,9.34017241,28.46016214,59.27762388,1.16648118,1702.98771983,32.52015935,38.89515712,953.74086415,23.57041183,4.94553047,4.60844716,655.957,3.74685598,1.07171878,0.82389132,0.35176771,117.60120429,1.16648118,655.957,0.0006533,4742.37234648,2328.55245287,0.04779604,5.30368356,3.15177751,150.00857472,119.33174224,4.09332897,0.84326113,18.30883347,16.8079264,188.96281285,3.2878485,1049.79083147,74.40264719,16.8079264,1.43429883,2170.72018495,1.16648118,6.50976994,1176.80092479,25.00331366,1.54744072,681.54432294,512.18674446,3.66099329,1.61661011,98.91012055
2021-10-21,7.43855536,115.49295152,491.96775002,1753.1249968,1369.3365072,11.08012278,233.48291769,1.95583,82.69776107,129.25831282,0.84296055,4185.23424655,731.2714846,206.80359104,51.01245065,15.64115058,11241.74186782,2.41130712,139.95986247,12322.81708051,7.03787929,951.41173041,1.0,9.99798433,13.12418457,2673.77482253,24.51864492,8054.95481708,17.04326074,65.5948212,291.14344181,0.84296055,20.16887366,1.97580965,1.56478814,0.82452114,1.95583,10.52115605,364.14442928,55.03592006,4.27087997,700.33086947,159.36372557,201.6983994,0.84296055,9.04180638,60.46482159,4.36100745,26457.66729393,10.17568406,7.89414139,9.7252443,48870.92096823,,243.33935112,175.28647839,12421.96020282,3313.32282469,4.60733372,17.04326074,4.06309159,0.95358044,92.95274119,2.83413344,110.27,25.65130153,477.91688874,0.43726368,2.08075788,61.57683293,11798.42573051,121.64474972,4.83453978,8.99218491,40.99160274,8.02378165,19.90253684,17.44402982,4396.43445944,7.44085364,16463.39624323,0.44714863,1.16293532,2302.22621284,2.58785783,2.9502001,30.6298532,42.16596131,87.06678847,99.2732202,4.23308457,9.36688462,17.95944896,2.34300723,1462.81172499,128.26753171,132.6560824,495.97770684,4.88682521,1.56478814,552.46350064,12.96890464,4605.77901081,49.62838463,28.03549123,1.16293532,87.06678847,9.31306057,28.24062489,59.15427891,1.16293532,1697.7658883,32.43862816,38.80643218,949.33312757,23.56796377,4.94689922,4.59853361,655.95700003,3.73351921,1.06730553,0.82236256,0.35077393,117.5589204,1.16293532,655.95700003,0.00065091,4734.92503869,2316.58737238,0.04803185,5.29038628,3.14229339,150.01802079,119.33174225,4.08060493,0.84296055,18.25044065,17.04326074,189.07615552,3.27559306,1046.59468519,74.20209911,17.04326074,1.43599186,2181.60017242,1.16293532,6.58224615,1178.48278377,24.90820438,1.55532217,672.73904207,510.59791709,3.65150845,1.62274642,98.61683333
2021-10-22,7.43546905,115.74699885,491.96775002,1755.53908712,1371.83559611,11.17978467,233.46939397,1.95583,81.83073796,128.9072232,0.84413402,4183.91538208,731.33030511,207.28703942,51.02039598,16.98693481,11261.06786598,2.41963783,140.39246981,12504.67798903,7.09200486,950.65336716,1.0,9.98260259,13.12965776,2683.95386021,24.50610506,8049.15811328,17.29003357,65.67057308,291.36636174,0.84413402,20.18666608,1.97969612,1.56984924,0.82565653,1.95583,10.54369057,364.72910294,54.73317513,4.27676106,695.33099479,159.62063285,202.93747111,0.84413402,9.05258335,60.57229773,4.36701265,26493.39338115,10.18969619,7.90787851,9.72609504,48939.98472025,,244.53728835,175.71643604,12460.62595401,3319.76305638,4.60408042,17.29003357,4.08744871,0.95492454,93.08073909,2.818206,110.27,25.68300843,478.70044794,0.4378658,2.08164124,61.67370658,11822.07446963,121.51820046,4.83517443,9.00549208,40.91969493,8.03323564,19.87171582,17.46805062,4396.15175558,7.4401375,16566.58308157,0.44776436,1.16453671,2312.08846371,2.57302342,2.94222133,30.56605272,42.26706537,87.33590657,99.65802309,4.23891362,9.35369785,17.98720346,2.34593561,1464.82604778,127.88821072,132.26065691,496.16482284,4.91401909,1.56984924,554.85606883,12.99048765,4603.92344732,49.75565114,28.1179615,1.16453671,87.33590657,9.32416085,27.9469247,59.1140605,1.16453671,1700.14811081,32.43174896,38.86674004,949.21975249,23.49508884,4.94650948,4.61823052,655.95700002,3.73363505,1.0668671,0.82298643,0.35094408,117.65923589,1.16453671,655.95700002,0.00064961,4750.53103798,2329.43537261,0.04784537,5.28681876,3.14723564,150.21295185,119.33174225,4.10306322,0.84413402,18.28888238,17.29003357,183.15501844,3.28624711,1048.08473697,74.18016082,17.29003357,1.44021809,2225.54432089,1.16453671,6.5801645,1185.26396161,24.95139388,1.56021337,672.96304314,511.32420569,3.65771363,1.62691748,98.73817438
2021-10-23,7.43445243,115.78028239,491.96775,1755.43199666,1371.63867344,11.18953634,233.87025498,1.95583,82.02074314,129.42698423,0.84640519,4182.27122005,736.36522053,207.27442983,51.1690648,17.16878846,11213.00650587,2.42177968,140.39965623,12507.35467976,6.98084937,949.93981717,1.0,9.98697973,13.12885683,2682.48521179,24.51219168,8080.37479823,17.26007373,65.70915845,291.38513717,0.84640519,20.28283509,1.979585,1.57015307,0.82560616,1.95583,10.54479559,364.58295585,54.64782224,4.27650017,695.21610043,160.38157744,203.14053086,0.84640519,9.05361213,60.60845972,4.36674626,26545.75856402,10.18907461,7.89579799,9.72857506,48937.08197028,,244.52472228,176.96187184,12459.78305564,3319.0103125,4.60301303,17.26007373,4.08727413,0.95486795,93.07506102,2.81800709,110.27,25.67760058,478.45305642,0.43783909,2.08148319,61.67526699,11871.95600769,121.51248958,4.83357664,9.00603905,40.90693377,8.04624959,20.02408899,17.46698504,4387.76084475,7.43974822,16500.71283193,0.44773705,1.16446567,2312.10439094,2.5728665,2.94203582,30.64110926,42.24778812,87.34037713,98.82955809,4.23865504,9.35311849,17.98567096,2.34663105,1464.73669124,127.88001493,132.14943479,494.88611984,5.00267674,1.57015307,554.84435679,12.9851121,4571.28864038,50.17426715,28.07295601,1.16446567,87.34037713,9.32522049,29.11160487,59.08007367,1.16446567,1700.02546708,32.43937942,38.85339063,951.96161312,23.5029053,4.94685164,4.60882516,655.957,3.73438013,1.06673745,0.82293812,0.35101905,117.63064614,1.16446567,655.957,0.00064956,4735.44230494,2319.47695713,0.04784164,5.28549068,3.14410755,150.37516948,119.33174224,4.11353929,0.84640519,18.26185327,17.26007373,183.14397374,3.2727221,1048.0190533,74.17529955,17.26007373,1.43976376,2116.48032887,1.16446567,6.58028995,1165.07963219,24.99477791,1.56028128,679.60113043,511.29300195,3.65758614,1.6280501,98.73215121
2021-10-24,7.4468598,115.66508639,491.96774998,1758.21392324,1364.35253,11.35887578,234.82524584,1.95583,81.91580003,129.42072159,0.8462228,4171.55991871,734.00826335,207.42286275,51.12485568,17.08265692,11236.83727332,2.41911611,140.53109662,12539.78577944,7.05819398,951.50610186,1.0,9.99096926,13.13666414,2681.38283808,24.54383973,8073.93019001,17.26260873,65.74565284,291.82513477,0.8462228,20.33834646,1.98160438,1.56790328,0.82691454,1.95583,10.54492231,364.53685975,55.11921393,4.28327737,702.30925233,159.94852421,203.37519061,0.8462228,9.06582395,60.68784064,4.37366648,26504.98518638,10.20522178,7.91562294,9.72556982,49015.05969967,,244.1610113,177.65095329,12473.2656302,3333.15171635,4.60311212,17.26260873,4.08610823,0.95637516,93.22256203,2.82286903,110.27,25.67638364,479.38166101,0.43853296,2.08678857,61.70528544,11881.9497014,121.82608561,4.84074335,9.01831652,41.02497872,8.04347747,19.97695699,17.4946659,4395.00354828,7.44048346,16533.43451631,0.4484466,1.16631106,2306.69391983,2.59883078,2.9625947,30.66772704,42.23750582,87.42214408,99.51656448,4.24537226,9.3945531,17.99023785,2.34923168,1467.05793749,128.74658455,132.57315071,495.42784283,4.9516495,1.56790328,554.06581496,13.02233708,4637.03217291,49.98757594,28.07809535,1.16631106,87.42214408,9.33779867,28.36270652,59.19394197,1.16631106,1702.09778007,32.51383264,38.65180777,951.49024983,23.51730863,4.94910671,4.62824241,655.95699998,3.74013915,1.06752833,0.82404894,0.35184172,117.77431047,1.16631106,655.95699998,0.0006496,4743.67502864,2318.71073853,0.04770467,5.29692224,3.15142913,150.21284366,119.33174224,4.09228435,0.8462228,18.29308227,17.26260873,188.40037242,3.28924095,1049.69864581,74.4092921,17.26260873,1.43981997,2146.49950331,1.16631106,6.59036291,1178.8620304,25.02901301,1.55807913,673.00307595,512.11139266,3.65591121,1.62803618,98.89131318
2021-10-25,7.40458717,115.33604364,491.96775,1748.612146,1352.12386628,11.14112258,234.70641406,1.95583,80.90050177,129.13937877,0.84282736,4144.38578805,730.83591733,206.20984957,50.91472738,15.7835933,11229.84520726,2.40365932,139.92911748,12489.57470196,7.08002682,937.05293423,1.0,9.98574867,13.09301035,2667.08924766,24.50248005,8018.37392701,17.04819203,65.4676191,290.32226557,0.84282736,20.2929566,1.97071618,1.56311681,0.82239868,1.95583,10.52651443,365.68406925,54.98690917,4.25988597,697.34540175,159.45730719,202.57437466,0.84282736,9.01740343,60.30878814,4.34978146,26501.71890059,10.14949007,7.89399848,9.68830775,48747.16169495,,242.84609058,177.69194193,12379.2196596,3317.29763813,4.61538439,17.04819203,4.06381882,0.95116121,104.54332177,2.80087677,110.27,25.73320882,475.85731059,0.43613809,2.0757837,61.56607024,11812.77735002,121.96912101,4.81145475,8.98853807,40.93242866,8.00735058,19.88917494,17.39912583,4368.49299311,7.43925706,16440.03570703,0.44599759,1.15994172,2295.12431531,2.5859599,2.94329953,30.62830716,42.06530588,87.04766251,99.29937247,4.22218787,9.3429999,17.85787502,2.34029054,1459.0461914,128.24080651,132.12102006,493.56447378,4.95301155,1.56311681,552.94095571,13.04408357,4618.11815424,49.74188576,28.0030517,1.15994172,87.04766251,9.28792553,27.92061523,58.86374684,1.15994172,1692.62009433,32.29232447,38.46778185,949.04805897,23.41248057,4.94776796,4.61409823,655.957,3.71419836,1.06805533,0.82071627,0.34986371,117.57256096,1.15994172,655.957,0.00064261,4725.05810302,2309.64008509,0.04760475,5.27640392,3.13471468,150.00526424,119.33174224,4.07002325,0.84282736,18.24445468,17.04819203,179.68282711,3.27268231,1043.93444481,74.02697442,17.04819203,1.43621429,2143.78242407,1.15994172,6.44053001,1182.31031807,24.90922161,1.54621873,676.33145159,509.30039365,3.6372978,1.61786089,98.3573798
2021-10-26,7.40698266,115.49966428,491.96774998,1749.21416942,1355.32413398,11.08085392,234.21265695,1.95583,80.51346892,129.05817082,0.84234106,4134.2062421,731.64331655,206.30534383,50.99746571,17.10170169,11215.44810544,2.40208124,139.94280586,12488.83530984,7.08094972,933.07371229,1.0,9.98752253,13.0800512,2667.83714659,24.63673487,8016.30105152,17.227541,65.48704097,290.35271944,0.84234106,20.35778267,1.97146114,1.56363473,0.82268182,1.95583,10.52858447,365.13664221,54.53438522,4.2613526,696.68159954,158.81484796,203.31061803,0.84234106,9.02401772,60.40157927,4.35127903,26470.03753425,10.1529844,7.88374302,9.70228597,48762.79330308,,242.74508079,178.52283055,12372.54981825,3310.28028873,4.61003085,17.227541,4.0537107,0.95150347,105.1100445,2.80500494,110.27,25.70130472,476.21004229,0.43628824,2.07679728,61.60578202,11848.09880318,122.11544055,4.81422016,8.98557938,40.94990167,8.01538644,19.93967832,17.40511611,4375.79791855,7.43888592,16464.43118792,0.44615114,1.16034107,2296.39320212,2.58645596,2.95124806,30.64190968,42.08484585,87.05617783,99.38406086,4.22364151,9.31981904,17.89650109,2.34084054,1459.5485212,128.16821666,132.34003131,493.93395945,4.96892804,1.56363473,553.11987334,13.0287927,4629.34966984,49.77999066,27.99977374,1.16034107,87.05617783,9.29473825,27.99335934,58.94066224,1.16034107,1693.25228587,32.26063451,38.591317,947.7245671,23.43701317,4.94705559,4.62692787,655.95699997,3.71244329,1.06695996,0.82100547,0.35007413,117.55884179,1.16034107,655.95699997,0.00064851,4730.13299985,2313.10530359,0.04828131,5.27836638,3.13579708,150.01155806,119.33174224,4.07132273,0.84234106,18.22829202,17.227541,177.62569629,3.28640777,1044.25167087,74.04931441,17.227541,1.43729798,2151.37350718,1.16034107,6.45908833,1181.25916866,24.95108423,1.5413931,677.6783565,509.45943146,3.64340148,1.61952606,98.38272543
2021-10-27,7.42673735,115.64865265,491.96775002,1749.43345201,1359.93934877,11.04719633,233.89887114,1.95583,81.9165303,128.94584737,0.84459091,4125.87218282,731.17495516,206.33291913,50.68901883,17.30836435,11181.41853065,2.40045097,139.9432818,12486.47159641,7.04943475,934.65240358,1.0,9.96197109,13.05050953,2668.36891633,24.53684457,8030.11206327,17.50613129,65.35252828,290.45183794,0.84459091,20.33253386,1.97164812,1.56423608,0.82278495,1.95583,10.52098064,363.2299002,54.99331669,4.2618868,698.2378408,159.56441205,201.96840865,0.84459091,9.02529299,60.33798642,4.35182451,26423.87795073,10.15425718,7.86360204,9.79059626,48769.89018454,,242.60831013,179.01211056,12367.31397848,3312.10877735,4.62280294,17.50613129,4.06586297,0.95159994,105.02645493,2.81829868,110.27,25.71826074,476.6553746,0.43634294,2.07692553,61.6693139,11836.74296832,122.43431528,4.82126216,8.97785141,40.88790813,7.99978914,20.0016933,17.40729803,4365.07909267,7.43958509,16479.92490833,0.44620707,1.16048654,2297.10612223,2.58546034,2.94848587,30.60767436,41.9954774,87.0564739,99.24330787,4.22417099,9.33960649,17.88256231,2.33848228,1459.73149112,128.02149975,131.85248102,496.03607292,5.00224089,1.56423608,552.01350483,13.150154,4621.3569896,50.45222072,27.96999537,1.16048654,87.0564739,9.29605178,27.9951911,58.91878613,1.16048654,1693.46314844,32.31828054,38.59825119,946.42833823,23.57455892,4.94863756,4.61690797,655.95700002,3.70138559,1.06582845,0.82109638,0.35008538,117.63671912,1.16048654,655.95700002,0.00064493,4723.13467717,2307.89744542,0.04834368,5.27901884,3.13599856,150.00913236,119.33174225,4.07193029,0.84459091,18.2327808,17.50613129,176.63755062,3.28233322,1044.42768018,74.0477034,17.50613129,1.43603728,2084.13829438,1.16048654,6.42491835,1178.5085114,24.94226102,1.54636138,670.8647412,509.54662062,3.65536982,1.61816947,98.40737198
2021-10-28,7.46089364,116.3179939,491.96775,1759.89536633,1365.37385155,11.13039446,235.78801198,1.95583,82.04894341,129.80967111,0.84632943,4122.6488264,735.26779946,207.52893613,50.50715287,16.94926651,11182.62345367,2.40999546,140.36591538,12654.09914634,7.09259128,940.85359083,1.0,9.93981097,13.0646546,2684.62524127,24.79134703,8034.82208234,17.6774432,65.89038243,292.11411137,0.84632943,20.33991688,1.98343454,1.56924546,0.82770535,1.95583,10.54352743,361.42168195,54.97325401,4.28737362,702.95207845,159.55180264,200.8267037,0.84632943,9.07932159,60.71034956,4.37784917,26485.71154009,10.2149814,7.8986677,9.73798849,49061.46822793,,243.81679122,179.4526986,12493.19163854,3331.71650092,4.62656472,17.6774432,4.07849007,0.95728805,105.41305052,2.83176032,110.27,25.75041534,479.37293603,0.43895234,2.08968119,61.72153934,11861.86364175,122.61177774,4.83742197,9.03059575,40.85054451,8.0184639,20.00475193,17.51139668,4414.02246999,7.4388528,16540.79197648,0.44887547,1.16742645,2309.79378798,2.60255372,2.95464976,30.72083138,42.40529399,87.31938748,99.96593711,4.24943226,9.40314567,17.90861898,2.35197324,1468.46093766,128.893118,132.68881726,499.26964878,5.0793443,1.56924546,556.13537298,13.1618099,4618.93082926,50.22212978,28.19909847,1.16742645,87.31938748,9.35170124,28.05783406,59.06469534,1.16742645,1703.77352717,32.46307838,38.77755107,951.72983336,23.82902232,4.94853352,4.65524606,655.957,3.69541635,1.06430795,0.82411023,0.35202913,117.5505592,1.16742645,655.957,0.00064969,4730.45383086,2330.71124325,0.04874414,5.27700435,3.15492726,149.78732418,119.33174224,4.09626826,0.84632943,18.33892827,17.6774432,176.78380427,3.29094657,1050.60578104,74.50879936,17.6774432,1.44193392,2094.97327247,1.16742645,6.59204831,1168.2527802,25.07606416,1.5482572,681.82974682,512.59549455,3.68230607,1.62558593,98.99441075
2021-10-29,7.40621156,115.26217243,491.96775003,1743.00527045,1357.90959058,11.10422427,232.40387749,1.95583,82.01970554,128.56613117,0.84439438,4114.50818161,728.37428518,205.80655608,50.8355646,16.99306296,11137.27828736,2.40470146,139.20694346,12543.95659913,7.04919681,940.62560887,1.0,9.9358031,12.995237,2664.9307902,24.72543507,7988.25179966,17.62660912,65.2730326,289.35261958,0.84439438,20.12854492,1.96553522,1.55479968,0.81976168,1.95583,10.50709978,360.01396968,54.75903733,4.24622677,690.45995185,159.15573316,197.62532416,0.84439438,8.99109105,60.12754549,4.33583401,26304.85005791,10.11694601,7.8254889,9.76330915,48590.65879085,,243.01305838,177.89862336,12351.70071994,3295.80199855,4.60999986,17.62660912,4.05252123,0.94816135,104.86860378,2.79867572,110.27000001,25.65455247,474.84242642,0.43473962,2.06680823,61.19315228,11777.97125114,122.79960416,4.7881037,8.94714871,40.69850668,7.96523668,19.96980944,17.34333602,4350.88041239,7.43958325,16452.86528499,0.44456751,1.1562224,2308.38413051,2.55295957,2.90950373,30.46543883,41.99853927,86.59840962,98.98542401,4.20864954,9.31306954,17.85205164,2.33009759,1454.36780092,126.23812337,131.75343938,494.4714185,5.02970714,1.55479968,552.38877464,13.1021938,4593.54479633,49.77166871,27.82826843,1.1562224,86.59840962,9.26082378,27.79979549,58.35010483,1.1562224,1687.47938885,32.17012683,38.65038253,942.20012697,23.76820279,4.94809726,4.59928373,655.95700004,3.65378321,1.05844459,0.81695511,0.34880842,117.6049913,1.1562224,655.95700004,0.00064831,4699.58622953,2308.06235327,0.04841861,5.26051609,3.12465275,150.03253503,119.33174225,4.06401641,0.84439438,18.16590729,17.62660912,174.89747382,3.25130079,1040.71725922,73.65038992,17.62660912,1.43182229,2148.95427028,1.1562224,6.51638226,1155.99189071,24.85237434,1.53817785,674.17857605,507.67572653,3.6535954,1.61182947,98.04766899
2021-10-30,7.40446767,115.25383854,491.96775,1742.95618472,1358.47706775,11.10577382,233.26598632,1.95583,81.94590653,128.62435347,0.84434377,4109.70051982,739.64251015,205.80138573,50.87471903,17.06344919,11108.2657957,2.40464879,139.2647048,12542.1071318,6.94391716,940.65812748,1.0,9.94025676,12.99487103,2663.34920768,24.51275974,8017.67754357,17.61368656,65.25525851,289.39184136,0.84434377,20.12898415,1.96547987,1.55938174,0.8197386,1.95583,10.51088799,359.96797476,54.51505935,4.24610719,690.25481331,159.49522979,198.48603629,0.84434377,8.99420539,60.12740184,4.3357119,26360.93055057,10.11666111,7.79521537,9.75963164,48589.24205496,,243.00945758,177.97873608,12351.35287694,3295.94606814,4.60958327,17.61368656,4.05244417,0.94808079,104.91433476,2.79799341,110.27,25.65248404,475.23805346,0.43472738,2.06669015,61.40736912,11920.92400333,122.19669574,4.78796901,8.94414516,40.66876284,7.98355245,20.05913152,17.34284761,4345.64000489,7.4397472,16399.55805899,0.44455499,1.15618984,2308.98814402,2.55286335,2.90941027,30.57520014,41.91219344,86.63434202,98.10069354,4.20853102,9.31280727,18.10648894,2.32995146,1454.32684368,126.23411153,131.77259228,494.07199008,5.18686935,1.55938174,552.40970748,13.03654043,4593.09702128,50.17839335,27.8806134,1.15618984,86.63434202,9.26403156,28.90467173,58.44618977,1.15618984,1687.36887338,32.21801824,38.47570355,945.18406515,23.76661579,4.94903272,4.61180361,655.957,3.65446808,1.0586125,0.81688075,0.34951122,116.76831514,1.15618984,655.957,0.00064825,4697.59822562,2303.30907316,0.04840335,5.25289387,3.1217652,148.78704185,119.33174224,4.06390536,0.84434377,18.14420886,17.61368656,174.89286988,3.25987365,1040.58451839,73.64837462,17.61368656,1.43266285,1993.49034192,1.15618984,6.51793989,1157.3995234,24.81353017,1.53770101,674.17991427,507.6609941,3.65365585,1.61210104,98.04490781
2021-10-31,7.39999447,115.38488564,491.96775,1741.7379684,1359.88271262,11.08558178,232.22390873,1.95583,81.95795419,128.58607815,0.84445393,4113.04343885,727.73719484,205.39843151,50.90739265,16.9805397,11240.24617735,2.38442446,139.20733729,12516.36149762,7.08721886,939.98831687,1.0,9.9397344,12.98116681,2657.80445889,24.53701227,7990.77962371,17.62391515,65.46557431,289.12532438,0.84445393,20.16033601,1.9629662,1.55918994,0.81916565,1.95583,10.5308814,359.96049219,55.27011898,4.24313943,695.73165492,159.04208901,197.46500088,0.84445393,8.98900036,60.08373117,4.33268151,26376.07661682,10.1095902,7.81955019,9.75645673,48554.96214142,,242.98411809,177.76279399,12326.36388223,3305.22921024,4.61138827,17.62391515,4.04783671,0.94742083,105.69883596,2.81465632,110.27,25.6629173,474.3624064,0.43442353,2.06807388,61.42913906,12011.97161394,122.84051984,4.78985391,8.99402048,41.04406027,7.95891599,20.11403611,17.33072605,4347.73891705,7.43884336,16429.5680361,0.44424428,1.15538174,2287.35064178,2.56203731,2.92469816,30.38203191,42.1428661,86.59865461,99.51140519,4.20558952,9.30607171,17.80817085,2.34233435,1453.31036104,127.19000234,131.93041271,493.87083308,5.02276936,1.55918994,550.38940733,13.02582294,4637.02665735,49.75981522,28.07841308,1.15538174,86.59865461,9.25867037,28.34191191,58.40801423,1.15538174,1685.89717833,32.1855687,38.58582506,945.59002403,23.7848908,4.94926006,4.61042295,655.957,3.65150963,1.05867072,0.81931259,0.34855169,117.55332923,1.15538174,655.957,0.00064737,4731.43753953,2318.09335805,0.04850915,5.29801546,3.1216238,149.94989723,119.33174224,4.05395054,0.84445393,18.16465056,17.62391515,174.97299163,3.27965507,1039.83330873,73.73615336,17.62391515,1.43036672,2064.26092933,1.15538174,6.51477585,1186.22920631,24.89430925,1.53876611,672.85285647,507.2996209,3.64431418,1.61197052,97.97306755
2021-11-01,7.42452365,115.73049173,491.96775002,1748.54245152,1363.75280818,11.0840663,233.77343494,1.95583,82.93641522,128.91006051,0.84964464,4118.33453294,734.43566718,206.28748777,51.03095729,17.07064216,11128.53605634,2.4170551,139.59405584,12612.35335443,7.03580632,941.76295087,1.0,9.88414336,13.01519104,2671.31763008,24.52049826,8014.86571577,17.92836077,65.39350875,290.29449231,0.84964464,20.22682899,1.97064379,1.56241296,0.8223659,1.95583,10.51869577,360.81949819,54.91725104,4.25971619,697.50694652,159.62510428,199.15797943,0.84964464,9.02558426,60.306692,4.34960809,26390.0817156,10.14908554,7.85251997,9.76574403,48744.50229096,,242.86068853,178.76026131,12380.26543495,3314.00042128,4.61672703,17.92836077,4.05230967,0.95114345,105.05311711,2.84180355,110.27,25.57755639,477.39761021,0.4361207,2.07520188,61.62910251,12013.04623553,122.70590369,4.81227155,8.97087047,40.77324759,7.99155607,20.07186011,17.39843235,4363.07268354,7.43884372,16530.75906033,0.44597982,1.15989549,2307.22802234,2.57142411,2.93158871,30.5457725,41.92707263,86.83922603,98.99354315,4.22201958,9.3423009,17.93513403,2.34680075,2914.24481902,127.75647099,132.18125979,495.47006689,5.0713715,1.56241296,552.60870997,13.0777977,4659.91807704,50.04989162,27.97363448,1.15989549,86.83922603,9.29635178,28.24436554,58.57347501,1.15989549,1692.72890169,32.30272254,38.66938549,946.53984943,24.24171325,4.94910688,4.62841315,655.95700002,3.61343371,1.05606119,0.82153404,0.35001781,117.59406406,1.15989549,655.95700002,0.00064767,4722.81680009,2304.96928916,0.04847232,5.27786243,3.13394356,150.40945151,119.33174225,4.07002266,0.84964464,18.25349097,17.92836077,174.55382245,3.26145542,1043.85301237,73.97233615,17.92836077,1.43617143,2049.92531538,1.15989549,6.58509485,1172.7678456,24.92710229,1.54303995,678.02467264,509.28081721,3.66970123,1.61561967,98.350247
2021-11-02,7.41360429,115.63072599,491.96774998,1746.38360528,1368.5579379,11.13197185,234.42312721,1.95583,82.945533,129.14116322,0.84990309,4121.80935112,739.44280586,206.0654364,51.2620712,16.20914936,11146.76088725,2.41024947,139.04205327,12598.7458,7.02364623,942.02749,1.0,9.93395986,13.03967203,2666.79198862,24.51730857,8004.94380238,17.86662308,65.39878653,289.87110966,0.84990309,20.27265031,1.96824707,1.56287421,0.82135056,1.95583,10.51704799,359.43969104,55.20043055,4.25445691,696.14179725,158.8208313,197.30424696,0.84990309,9.01529376,60.24382217,4.34423782,26387.19521144,10.13655492,7.84158706,9.88346503,48684.33824032,,242.92355869,178.90988552,12407.23549802,3307.80756413,4.60559019,17.86662308,4.04759277,0.94994975,105.37790837,2.84594959,110.26999999,25.56180186,476.03230129,0.43558225,2.0723375,61.6197961,11969.43818675,122.85439851,4.81231123,8.96923015,40.99437325,7.99466823,20.12220288,17.3769513,4401.18347195,7.43960666,16538.37963354,0.44542918,1.15846342,2310.67655265,2.57352439,2.94989485,30.50222462,41.98758735,86.49583407,98.88006672,4.21680685,9.33023355,17.93529168,2.33049357,2910.64844598,127.8649417,131.78391373,496.27066665,5.07847679,1.56287421,551.18792536,13.06887475,4609.22371833,50.56103825,27.98792736,1.15846342,86.49583407,9.28575257,28.35581239,58.58801153,1.15846342,1690.6381559,32.32755559,38.64155736,945.52897564,24.08009166,4.95056405,4.64501504,655.95699997,3.63417482,1.05848217,0.8209092,0.34984507,117.605709,1.15846342,655.95699997,0.00064949,4715.78724773,2310.90843377,0.04936627,5.28328635,3.1299856,150.21217586,119.33174224,4.0653493,0.84990309,18.181644,17.86662308,172.34028215,3.27410216,1042.581742,73.88751042,17.86662308,1.43866213,2052.28604346,1.15846342,6.58842432,1172.4514616,24.90052097,1.55830926,670.98294691,508.6424906,3.6592581,1.62712896,98.23831988
2021-11-03,7.41403487,115.81123397,491.96775003,1748.40153465,1368.96575347,11.19122151,233.38020128,1.95583,83.1749181,128.93597558,0.84898071,4118.42030716,740.25704999,206.26199628,51.21992818,16.21987986,11103.7032086,2.41312621,138.88802297,12612.5626353,7.0385494,943.44708262,1.0,9.90054499,13.04078122,2666.58731524,24.50603004,7993.8097877,17.71943415,65.36282197,290.26640814,0.84898071,20.26541507,1.97046539,1.56422571,0.82229963,1.95583,10.51840561,358.83510591,54.9932515,4.25937289,698.19875782,159.56821235,197.19315702,0.84898071,9.02666651,60.30109953,4.34925755,26377.77662552,10.14826761,7.8430234,9.86664746,48740.65293154,,242.6703487,178.83917092,12391.74555231,3312.9522534,4.58257747,17.71943415,4.05230569,0.95102039,105.50756547,2.85344032,110.27000001,25.48684747,476.6411234,0.43608556,2.07505661,61.6374053,11962.99521612,122.89511346,4.81726942,8.96863629,40.8014669,7.99505968,20.1168171,17.3970302,4444.3592278,7.43774726,16596.56886136,0.44594387,1.15980201,2315.52830649,2.59085538,2.93850728,30.51004495,41.86749129,86.40001429,99.00172532,4.22167933,9.34107989,17.93806622,2.33440266,2914.01475514,128.31001473,132.46431279,497.75670461,5.12098282,1.56422571,551.4509708,13.26212161,4605.29515097,50.03707577,27.9396119,1.15980201,86.40001429,9.2974665,28.21546404,58.65773481,1.15980201,1692.59219495,32.30725483,38.67784749,945.96814152,23.87372633,4.94877982,4.6554989,655.95700004,3.61664459,1.05814078,0.82132931,0.35010325,117.56495693,1.15980201,655.95700004,0.00065343,4713.63043956,2306.86093843,0.04919811,5.27482179,3.13373996,150.20047661,119.33174225,4.06976624,0.84898071,18.24984175,17.71943415,171.15593813,3.27692428,1043.80762469,73.97184598,17.71943415,1.43784225,2061.09639482,1.15980201,6.44029111,1173.85902777,24.91735075,1.55553915,669.59515024,509.16313561,3.66207049,1.62061422,98.31332568
2021-11-04,7.39027653,115.32284511,491.96774998,1740.24957459,1368.70436903,11.20726399,232.70703447,1.95583,82.46710452,128.79459276,0.85561987,4102.04225575,737.61148552,205.30119166,51.03307392,15.97356212,11074.98423239,2.40525045,138.33408616,12555.28368899,7.01253462,939.82488013,1.0,9.9305854,12.99936296,2654.39678198,24.4998961,7956.47942756,17.63340501,65.13350969,288.85281598,0.85561987,20.19482207,1.96130436,1.5612949,0.81846564,1.95583,10.49415075,359.93286229,54.8438992,4.23951347,694.71338447,159.49923073,196.24319953,0.85561987,8.98453022,60.0429911,4.32897904,26261.76125422,10.1009511,7.82201254,9.88506414,48513.26571378,,241.64235287,178.54954565,12313.40588423,3298.93972488,4.59943268,17.63340501,4.04479302,0.94660294,105.0542797,2.83900946,110.27,25.35336854,474.31835148,0.4340523,2.06543545,61.58378931,11959.95034392,122.80126484,4.80324184,8.93248033,40.68238244,7.9644354,20.08343872,17.31591617,4469.23299364,7.43715839,16589.09355684,0.44386465,1.15439441,2306.74146873,2.57957485,2.94219254,30.24807678,41.64236952,86.05541908,98.6533765,4.20199566,9.29729952,17.80763899,2.32513184,2899.83861335,127.62735378,131.25832079,495.65706707,5.11055754,1.5612949,548.13198369,13.20546572,4577.13453527,49.92858646,27.86681274,1.15439441,86.05541908,9.25406613,28.08177934,58.3706087,1.15439441,1684.68564447,32.2412074,38.50286714,941.81750601,23.76993835,4.94949886,4.63298864,655.95699997,3.58860521,1.054439,0.81968081,0.34835164,117.56825409,1.15439441,655.95699997,0.0006438,4696.38231594,2298.02473603,0.04844567,5.25945008,3.11922334,150.20104345,119.33174224,4.05091546,0.85561987,18.11796009,17.63340501,170.23730272,3.27654211,1038.93162904,73.6237975,17.63340501,1.43883924,2054.0939424,1.15439441,6.47299737,1169.99194365,24.79943303,1.56193987,667.6120075,506.75149058,3.64838492,1.62802519,97.89348555
2021-11-05,7.39361481,115.57396769,491.96775001,1741.8092421,1365.1689294,11.1955638,232.81890447,1.95583,82.37052634,128.94488113,0.85597143,4101.28532256,739.04343952,205.66185654,50.82897435,16.04464994,11015.08920367,2.40300694,137.79870825,12554.16992698,7.039032,937.55976781,1.0,9.91173731,13.03480013,2658.88130445,24.52198815,7964.96150315,17.39856672,65.37677829,289.30197417,0.85597143,20.19739305,1.96419997,1.56033522,0.81919917,1.95583,10.49793237,358.66424194,54.64608311,4.24331306,689.90879583,159.29779696,196.42394361,0.85597143,8.99262337,60.07499297,4.33285881,26212.56969843,10.11000389,7.83970084,9.89325158,48557.20198289,,242.83918232,179.0612696,12363.28300215,3293.92642708,4.59292032,17.39856672,4.04382186,0.94745843,105.13853839,2.82544791,110.27,25.2105534,474.75629934,0.43444131,2.06538805,61.6135855,11993.24517115,122.79481357,4.80654154,8.94151583,40.70340089,7.97295612,20.15567413,17.33143524,4475.86059113,7.42980839,16545.30541415,0.44426246,1.15542902,2315.4927176,2.5614011,2.91114534,30.22647943,41.93199697,85.72236905,99.02403966,4.20576162,9.26561552,17.81000584,2.3262435,2903.05162497,127.58512142,131.04604193,496.29343615,5.10439169,1.56033522,549.83895246,13.18252507,4585.22172239,49.87483409,27.90152053,1.15542902,85.72236905,9.26240207,27.87039163,58.07273356,1.15542902,1686.13842093,32.17340217,38.42040901,942.20256353,23.50275875,4.94367611,4.63994774,655.95700002,3.5940602,1.05402383,0.82089226,0.34895719,117.47931797,1.15542902,655.95700002,0.00063565,4703.02310709,2306.2454409,0.04771562,5.26740182,3.12243478,150.04173919,119.33174225,4.07804319,0.85597143,18.15915016,17.39856672,170.16385338,3.27948127,1039.88777374,73.60008376,17.39856672,1.43966051,2077.07332543,1.15542902,6.40483256,1175.68506664,24.84503476,1.56134034,675.20324593,507.21613307,3.65460343,1.62435645,97.98013447
2021-11-06,7.40007533,115.54038833,491.96775,1743.46650237,1366.79102301,11.19127772,233.21275711,1.95583,82.36907687,129.12284111,0.85692365,4110.96036005,742.38974369,205.86163312,50.91526078,17.27046638,11030.07747268,2.40529516,137.94075304,12566.31329057,6.94393576,938.5690576,1.0,9.93812898,13.04720221,2661.7464019,24.51980558,7984.47761643,17.4155661,65.44784538,289.41632751,0.85692365,20.21921075,1.96608862,1.56193841,0.81997861,1.95583,10.51087888,358.9484252,54.64507438,4.2473504,690.45338503,160.18406055,196.50330072,0.85692365,9.00123906,60.13860748,4.33698135,26278.78792165,10.11962315,7.81558565,9.8969001,48603.49141725,,243.08037833,178.83056194,12374.85357183,3296.9382298,4.59649621,17.4155661,4.04784912,0.9483592,105.19818817,2.82771213,110.27,25.22506291,475.69465187,0.43485466,2.06729477,61.80517356,12051.2757127,123.05286761,4.81095863,8.94395517,40.73889276,7.97648036,20.2043289,17.3479254,4477.09620965,7.43629428,16622.87685754,0.44468515,1.15652836,2317.81001046,2.56379392,2.91388767,30.4220234,41.92449878,85.81073284,98.27519628,4.20976323,9.27445876,18.05438983,2.33073685,2905.81565545,127.70630778,131.13681903,496.40293801,5.10903838,1.56193841,550.40325986,13.24158637,4588.9980488,50.27504451,27.88911885,1.15652836,85.81073284,9.27127623,28.91318784,58.10658155,1.15652836,1687.89372836,32.25206943,38.35727259,945.46977212,23.51729193,4.94840897,4.63171177,655.957,3.60070241,1.0548575,0.82170724,0.34979189,117.69188819,1.15652836,655.957,0.00063623,4702.42912723,2304.69683541,0.04783392,5.26198102,3.12263325,150.42015253,119.33174224,4.07444211,0.85692365,18.13678433,17.4155661,170.3252178,3.28624515,1040.87723911,73.669839,17.4155661,1.44114966,2024.91244209,1.15652836,6.40657254,1158.79635841,24.82819515,1.56286285,677.73396794,507.69872626,3.65830724,1.6249575,98.07335856
2021-11-07,7.39533399,115.26751632,491.96775002,1742.41169161,1370.28011875,11.20789436,232.48379854,1.95583,82.42634726,128.80921075,0.85776018,4101.12504227,739.27954901,205.5234737,50.93310909,16.22546445,11050.33124068,2.40839167,137.91082683,12570.37881193,7.02931657,937.85790069,1.0,9.91022752,13.00087996,2658.13942683,24.73816735,7950.16253782,17.35744265,65.11863168,289.39130843,0.85776018,20.20485018,1.96372724,1.56112007,0.81948251,1.95583,10.49660647,358.82556588,54.8204134,4.24478072,695.77405691,159.09894111,196.18738667,0.85776018,8.99862569,60.0949614,4.33435744,26287.31486589,10.1135007,7.82670165,9.88384042,48573.72063986,,241.51554001,179.0232116,12387.94473371,3302.53007167,4.59876789,17.35744265,4.03787946,0.94777886,104.94714523,2.84027223,110.27,25.24525301,474.57117247,0.43459157,2.06831292,61.65583476,11990.01826125,122.82045017,4.80290899,8.92942612,40.64016447,7.96339143,20.14254203,17.33742977,4476.00964399,7.43836628,16496.65211469,0.44441612,1.15582865,2312.5751925,2.58659535,2.94860142,30.24387183,41.76777952,85.79211622,98.70782386,4.20721629,9.30998659,17.81637085,2.32558732,2904.03728892,128.42609328,131.30096432,495.60544011,5.10614478,1.56112007,549.00054864,13.20650995,4578.34059539,49.91036621,27.86701374,1.15582865,85.79211622,9.26858446,27.98404458,58.06965476,1.15582865,1686.75989227,32.19393113,38.30897747,944.39382753,23.52054659,4.9500786,4.63930737,655.95700003,3.59598793,1.05564559,0.82023529,0.34908905,117.63050448,1.15582865,655.95700003,0.00063519,4700.65035441,2297.5310127,0.04763197,5.25768967,3.12317335,150.21497966,119.33174225,4.05781659,0.85776018,18.15782103,17.35744265,170.66434354,3.2625722,1040.21694765,73.7563023,17.35744265,1.43977243,2068.95027049,1.15582865,6.40519855,1171.62208012,24.82761757,1.56248746,665.06669311,507.37759406,3.65065684,1.62182454,98.01440349
2021-11-08,7.41521425,115.97520195,491.96775001,1747.90864296,1366.2109604,11.25355937,233.67927427,1.95583,82.67077014,129.43532924,0.85473266,4107.21058122,742.07593913,206.16179163,50.96579317,17.14057614,11115.11192858,2.41227626,137.73059266,12646.66333163,7.06812541,931.52568272,1.0,9.93673439,13.05535499,2666.3634941,24.5292644,7983.64260834,17.31429198,65.36100535,290.04224513,0.85473266,20.31148726,1.96992253,1.56104332,0.82206781,1.95583,10.51262849,361.21175004,55.02645565,4.25817213,697.6589565,159.82179024,197.41217711,0.85473266,9.032309,60.30422853,4.34803145,26349.71720897,10.14540672,7.86958469,9.85525695,48727.34955886,,242.35645817,179.85954124,12386.44867565,3314.96934192,4.59229112,17.31429198,4.05078325,0.95077231,105.4381466,2.83655298,110.27,25.26075898,476.75459334,0.43596262,2.07503069,61.7086196,12084.65029866,123.01760563,4.81456045,8.96430301,40.81537346,7.98778306,20.21200704,17.3921258,4494.94980088,7.43882475,16501.61118008,0.44581816,1.15947505,2311.67280828,2.59570599,2.95359633,30.2392353,41.91335564,85.67999544,99.31977756,4.22048919,9.3317167,17.82133553,2.33461476,2913.21747304,129.12404346,130.85135524,498.082002,5.1306479,1.56104332,550.167742,13.15456415,4602.2607871,49.65743661,27.9340616,1.15947505,85.67999544,9.30327827,28.05722786,57.98416792,1.15947505,1692.22424756,32.17870974,38.00983888,950.77020465,23.57201134,4.94811702,4.65753131,655.95700001,3.60867267,1.05768754,0.82132087,0.34967675,117.59781966,1.15947505,655.95700001,0.0006359,4717.45332598,2305.96544666,0.04753834,5.28508847,3.13337288,150.51276876,119.33174224,4.06831051,0.85473266,18.23956274,17.31429198,170.93579732,3.28628871,1043.5308957,74.0245005,17.31429198,1.44337627,2099.70346577,1.15947505,6.43013953,1180.54024247,24.91266923,1.56528304,669.13225348,506.70766005,3.66202052,1.6204958,98.32396192
2021-11-09,7.40579836,115.9071194,491.96775001,1746.13830207,1369.12066243,11.28306052,233.40354868,1.95583,82.09220272,129.23694948,0.8544809,4092.87168402,741.8663036,205.91143565,50.47813742,15.49279088,11106.83417684,2.41133624,138.01429214,12648.61955784,7.08363081,919.19357368,1.0,9.95935574,13.04560332,2664.34753502,24.51510581,7968.8372659,17.47958993,65.27266246,290.04576193,0.8544809,20.30382317,1.96792725,1.56078195,0.82123519,1.95583,10.49427588,360.5790438,54.88109893,4.25385931,696.98519122,159.84799043,198.36377377,0.8544809,9.02254023,60.34008351,4.34362762,26301.79498217,10.13513111,7.86407917,9.87049616,48677.95635889,,241.76684314,179.22091081,12378.70330561,3306.11603314,4.59388348,17.47958993,4.04673567,0.94980825,105.4948414,2.82566215,110.27,25.24784554,475.6799689,0.43552106,2.07339478,61.56061305,12152.55299694,122.54878963,4.808916,8.95548409,40.76363491,7.9846961,20.20551052,17.37451047,4479.48225574,7.43789183,16503.66724532,0.44536662,1.1583007,2313.98876458,2.59989904,2.96243698,30.19259689,41.85724113,85.85648033,99.18123488,4.21621454,9.32990719,17.80387025,2.33227941,2910.26689824,128.98644571,130.68751917,496.85239769,5.14110445,1.56078195,549.43893309,13.13445554,4596.8278552,49.40126468,27.89148301,1.1583007,85.85648033,9.29321644,27.8458338,57.95273313,1.1583007,1690.45526574,32.13052405,37.92532129,944.30264201,23.55190161,4.94966376,4.65302306,655.95700001,3.60156276,1.0563569,0.82048508,0.34943262,117.59542085,1.1583007,655.95700001,0.00063375,4708.31770135,2302.80299769,0.04759251,5.27901423,3.13024348,150.4098807,119.33174224,4.06426199,0.8544809,18.1967085,17.47958993,170.25573719,3.25610642,1042.47555577,73.94904132,17.47958993,1.44131363,2098.06698172,1.1583007,6.34835361,1179.10897279,24.88697625,1.57221418,668.43614445,506.19479598,3.64850256,1.6298123,98.2259759
2021-11-10,7.34952649,114.87965852,491.96775001,1729.52086817,1360.07955457,11.32963495,231.73922099,1.95583,81.80812743,128.97726471,0.85592446,4050.87706438,735.0069139,203.95216084,50.25893368,15.63399389,11061.21729009,2.39696757,137.26284671,12486.8504715,7.029294,912.40179022,1.0,9.99773196,12.93086551,2638.48279343,24.50821421,7885.44881615,17.74130369,65.16006089,287.152766,0.85592446,20.11401282,1.94920106,1.55482042,0.81341976,1.95583,10.45437013,363.90652422,54.89213532,4.21337671,688.40189141,158.83964863,197.84472336,0.85592446,8.93855944,59.7773891,4.30229072,26008.82355601,10.03867834,7.79011904,9.93248675,48214.70334779,,239.48027426,177.51422984,12300.42932139,3268.39134857,4.61334498,17.74130369,4.00827444,0.94076859,105.4053708,2.7893695,110.27,25.23660988,470.98884742,0.43137635,2.05360167,60.97440063,12124.27563939,122.62099002,4.7761152,8.8707323,40.66087749,7.93347815,20.170257,17.20916287,4447.02429368,7.43701395,16393.40285785,0.44112821,1.14727752,2291.92898435,2.58128102,2.94363719,29.96707703,41.75387223,85.38901817,98.15192626,4.17609019,9.24086914,17.68007257,2.31017803,2882.57079132,127.75530921,130.73491067,493.06745876,5.10900402,1.55482042,544.14223597,13.00953883,4587.02358502,49.39561954,27.82174585,1.14727752,85.38901817,9.20671622,27.56454986,57.60396369,1.14727752,1674.36780981,31.94926421,37.74169426,934.87235871,23.68533124,4.94880926,4.62217027,655.95700002,3.58033439,1.05394889,0.81663882,0.34660902,117.62552477,1.14727752,655.95700002,0.00062075,4700.75880181,2296.38798577,0.04641791,5.25408003,3.10047831,150.39508241,119.33174225,4.02545986,0.85592446,18.01242912,17.74130369,168.50011568,3.22486607,1032.55345567,73.24511184,17.74130369,1.43547437,2047.98571442,1.14727752,6.30116143,1176.37486615,24.64640645,1.57141371,666.67911657,501.16371641,3.60575558,1.62973423,97.2870985
2021-11-11,7.31668783,114.60974306,491.96774999,1724.51330828,1350.37829071,11.40709195,231.36647992,1.95583,81.99718027,128.13519517,0.8561502,4045.35582135,733.85089422,203.3619431,49.97208856,15.00293288,10991.47342235,2.39863712,136.77082643,12478.39755396,7.01173155,908.44616378,1.0,9.97409043,12.93147347,2630.96439962,24.49755836,7860.91609714,17.49129945,64.88600243,286.33207026,0.8561502,20.08410528,1.94355583,1.55093391,0.81106463,1.95583,10.44469042,364.85879189,54.52727917,4.20117753,686.38808468,158.69875735,198.75989043,0.8561502,8.91428386,59.60412044,4.2898341,25802.86364494,10.0096129,7.77188671,9.93734321,48075.09404482,,239.2189557,177.67289998,12309.41827785,3261.61550921,4.63826707,17.49129945,3.9964001,0.93803248,105.02871917,2.7812981,110.27,25.2490259,469.66426994,0.43012737,2.04766994,61.61341027,12063.58506846,122.37395149,4.76745109,8.85399867,40.37594208,7.90348917,20.03979821,17.1593364,4435.50461646,7.43709355,16296.48552883,0.43985099,1.14395576,2285.66021101,2.58010754,2.9453199,29.87513717,41.4997985,85.08294024,98.21069833,4.16399897,9.21425271,17.62885844,2.30747945,2874.22407227,128.48131201,130.70704354,491.71129794,5.09017181,1.55093391,542.4210868,12.97244866,4554.56092577,49.37993862,27.62771004,1.14395576,85.08294024,9.18171238,27.59174342,57.29549811,1.14395576,1669.50867651,31.85538228,37.56319902,935.05040234,23.60864093,4.94595204,4.59856482,655.95699998,3.57081646,1.05531289,0.81535054,0.3456237,117.3645856,1.14395576,655.95699998,0.00061585,4668.21385799,2281.05999613,0.04550774,5.22254843,3.09136465,150.40697833,119.33174224,4.01386266,0.8561502,17.98071088,17.49129945,168.00486693,3.26388672,1029.50260506,73.01107814,17.49129945,1.44081877,2035.1575693,1.14395576,6.17654831,1168.53225485,24.57223507,1.57032997,662.47325988,499.6931075,3.59760328,1.63396288,97.00853606
2021-11-12,7.30078598,114.71228221,491.96775001,1725.22779691,1350.34651242,11.42662419,231.2408318,1.95583,83.3965241,128.22046645,0.85311085,4040.02540964,735.1271628,203.70810182,50.17907386,15.69637095,10972.65134807,2.40303293,136.77625467,12547.35530968,6.99758284,916.43597051,1.0,10.02064121,12.92896865,2633.53858651,24.47612457,7863.96736747,17.50581592,64.75927178,286.44054058,0.85311085,20.16848879,1.94551921,1.54820033,0.81140067,1.95583,10.44646104,367.01340579,54.29324638,4.20291813,687.34612975,158.30501313,200.98418272,0.85311085,8.91618053,59.59593084,4.29161144,25916.97414127,10.01376002,7.77451391,9.94210532,48094.95012016,,240.32119741,177.9401409,12268.48454518,3262.28611428,4.63966035,17.50581592,4.0054378,0.93843845,104.81107112,2.79824457,110.27,25.2456738,469.98906607,0.43030557,2.04568127,61.59598135,12081.71590044,122.31469419,4.75376035,8.85475361,40.30447541,7.90070329,20.01730928,17.16644574,4444.65937882,7.43723806,16243.54089453,0.44003323,1.14442972,2289.75149845,2.55000099,2.89803608,30.14376166,41.54662738,85.08631706,98.16573232,4.16572417,9.19960602,17.69930101,2.30762666,2874.84337611,127.48144698,130.32144726,493.50049103,5.11610415,1.54820033,543.80608973,13.12406424,4552.69397986,49.45276551,27.62456853,1.14442972,85.08631706,9.18366594,27.57934101,57.02629056,1.14442972,1670.11341283,31.81160277,37.49486126,933.7465324,23.48450401,4.94786437,4.60165986,655.95700001,3.55642948,1.05416501,0.81488916,0.34595259,117.53989225,1.14442972,655.95700001,0.00061368,4660.7867192,2284.36758933,0.04523434,5.21737978,3.09270107,150.3991308,119.33174225,4.02800287,0.85311085,18.00092521,17.50581592,165.33436739,3.24483383,1029.98829571,72.87619229,17.50581592,1.43623289,2034.9782857,1.14442972,6.24762844,1166.63278814,24.58318546,1.56083901,663.11418682,499.90230529,3.6041955,1.62467723,97.02767204
2021-11-13,7.29952921,114.5541017,491.96775,1724.9660029,1349.54165856,11.42026619,231.11528767,1.95583,83.27204164,128.0962926,0.85311676,4034.50046303,737.28417567,203.67717064,50.20817995,17.04111748,10887.51189142,2.40293599,136.88859735,12545.5658079,6.8806361,916.21479794,1.0,10.02351351,12.92700675,2632.32498605,24.54298571,7889.31124437,17.54892053,64.66187861,286.32720254,0.85311676,20.13547381,1.94522808,1.54808642,0.81127754,1.95583,10.45273485,366.92895958,54.12279025,4.20228036,687.24182868,158.57610321,201.06904481,0.85311676,8.91498683,59.61543693,4.29096021,25957.447021,10.01224048,7.76978428,9.94462488,48087.7266284,,240.28566003,177.21703539,12266.42491235,3261.78256114,4.63609243,17.54892053,4.00489619,0.93830836,104.51637815,2.79770625,110.27,25.23844867,470.71444988,0.43024028,2.04535766,61.57241555,12145.03528447,122.31961416,4.76637108,8.84839203,40.30066541,7.9012456,20.09271311,17.16384082,4441.26691445,7.43718081,16290.51383501,0.43996645,1.14425605,2289.46179219,2.54961069,2.8975919,30.00793877,41.52490307,85.15620364,97.88399589,4.16509204,9.19820979,17.93025691,2.30590286,2874.40941098,127.46200856,130.40173175,492.9763377,5.1107637,1.54808642,543.73896452,12.97521378,4560.14146729,49.48712835,27.58848754,1.14425605,85.15620364,9.18243643,28.60668605,57.04033952,1.14425605,1669.96004671,31.8458366,37.40365128,935.57333263,23.48401045,4.94807056,4.59169452,655.957,3.5598491,1.05441467,0.81476507,0.34647918,117.51732834,1.14425605,655.957,0.00061366,4651.93785276,2282.29325503,0.04522691,5.20522294,3.0895252,150.35939017,119.33174224,4.02126835,0.85311676,17.97963237,17.54892053,165.3089034,3.24944654,1029.84623883,72.86510585,17.54892053,1.436175,2028.22387964,1.14425605,6.24679581,1147.60848146,24.46993914,1.56074893,668.32229578,499.82646546,3.60360575,1.62483183,97.01294862
2021-11-14,7.31285205,114.72661314,491.96775001,1727.35963762,1352.68948611,11.51472184,231.2601136,1.95583,83.22049906,128.12801465,0.85325385,4047.81397818,735.7315854,203.7240834,50.24602976,15.84867706,10959.15297085,2.40603924,137.00207254,12495.239603,6.98307225,917.62992454,1.0,10.02197797,12.94857951,2636.64634184,24.52128995,7876.13368709,17.56913567,64.73881968,286.78107556,0.85325385,20.16268388,1.94675376,1.54915669,0.81240331,1.95583,10.45395199,366.93227171,54.47819442,4.20811162,688.2139789,158.46662436,201.22347762,0.85325385,8.92916498,59.66774227,4.29691452,25730.48958732,10.02613388,7.77845268,9.95446519,48154.27154715,,239.74794761,178.01240459,12309.5815378,3273.83837768,4.63766714,17.56913567,4.00302573,0.93959086,104.68351181,2.811995,110.27,25.23208336,470.57535856,0.4308373,2.05054941,61.64932443,12168.73697432,122.27778351,4.765594,8.8652502,40.33259629,7.89931173,20.03499149,17.18765809,4445.85664832,7.43700799,16284.6569318,0.44057697,1.14584387,2286.93224907,2.58200377,2.94591043,30.11116527,41.44317665,85.22679473,98.0481322,4.1708717,9.22952617,17.62370524,2.30819528,2878.20616524,128.29841515,130.44977575,493.77320385,5.12233883,1.54915669,542.91686944,13.04378208,4554.2217223,49.46113727,27.59833313,1.14584387,85.22679473,9.19703993,27.60162439,57.23609043,1.14584387,1672.06614613,31.84039879,37.47296588,935.28260935,23.49503573,4.95112035,4.6018897,655.95700001,3.56240368,1.05364238,0.81555998,0.34632269,117.64182099,1.14584387,655.95700001,0.00061655,4659.96925516,2279.61376074,0.04590047,5.21582544,3.09650797,150.41055501,119.33174224,4.02047788,0.85325385,18.00314079,17.56913567,167.3802349,3.24513978,1031.24778609,73.12775097,17.56913567,1.43635183,2034.44114545,1.14584387,6.25594773,1163.49602448,24.61674555,1.56052462,661.20345895,500.51837859,3.61312065,1.62558918,97.14732571
2021-11-15,7.2524942,114.11546078,491.96775002,1715.50807917,1341.03969908,11.47948309,229.94634377,1.95583,82.47463252,127.55256032,0.84745372,4014.65878363,731.04276069,202.30702337,50.20169415,17.00891859,10793.79701991,2.38314125,136.25925584,12436.35045025,6.99170818,907.91498195,1.0,10.00928482,12.85336093,2617.35456439,24.49664594,7814.95943427,17.28908317,64.44593197,284.71727045,0.84745372,20.03666701,1.93342148,1.53968163,0.80682934,1.95583,10.42185438,365.9030602,53.7117396,4.17923942,682.66941967,157.73458417,199.21263719,0.84745372,8.8612794,59.39897268,4.26743303,25662.51166283,9.95734374,7.72916543,9.89511576,47823.19648727,,237.84422925,176.92375616,12210.08743396,3248.53427035,4.64498982,17.28908317,3.98736774,0.93314012,104.06404895,2.79834804,110.27,25.20959726,468.9441961,0.42788129,2.03693166,61.47078654,12091.78331934,121.52331271,4.73467631,8.80559947,40.08885511,7.85319271,19.91504175,17.06973213,4421.2003531,7.4371625,16168.02749143,0.43755413,1.13798214,2278.64401257,2.56088097,2.92004914,29.97687625,41.30220584,84.76470037,97.55150435,4.142255,9.16583986,17.48390361,2.29349334,2859.170315,127.40393153,129.88307669,489.46563459,5.0967344,1.53968163,539.71231819,12.99953288,4538.5041164,48.95795641,27.43002738,1.13798214,84.76470037,9.12711778,27.47958028,57.21178014,1.13798214,1660.69738967,31.61360252,37.2291101,927.75394111,23.43574216,4.9498056,4.54690291,655.95700003,3.53292073,1.05149646,0.81155562,0.34388312,117.57626247,1.13798214,655.95700003,0.00061007,4630.99386924,2274.92535444,0.0452933,5.20037334,3.07512798,150.39289987,119.33174225,3.99325768,0.84745372,17.91958729,17.28908317,166.84856369,3.26188787,1024.15410533,72.64899894,17.28908317,1.42346762,2023.33326192,1.13798214,6.21087586,1142.42591928,24.47287079,1.54795366,664.80591511,497.04299086,3.58457503,1.61452736,96.47987431
2021-11-16,7.21741008,113.30615198,491.96775,1703.06738539,1339.27013292,11.78838291,229.02201193,1.95583,82.69420403,126.69072954,0.84186598,3986.21672502,725.83549326,200.83991943,49.85992731,15.42269325,10808.30207417,2.37464159,135.29851135,12379.37857727,6.94748525,917.38710503,1.0,10.07129626,12.761071,2597.71858328,24.47721816,7759.95557796,17.57207925,63.93086933,282.76069909,0.84186598,19.88495452,1.91933498,1.53490398,0.80097829,1.95583,10.37236286,365.22101941,54.28935179,4.14893199,676.61548901,156.7387389,197.08464051,0.84186598,8.79831105,59.04616939,4.23648603,25640.57601853,9.88513408,7.67162958,9.90579646,47477.20482394,,236.09192275,175.5670863,12172.09222782,3220.2507026,4.65467607,17.57207925,3.95751282,0.92636218,106.03949439,2.77872088,110.27,25.25201399,464.02729272,0.42477833,2.02212537,61.05596994,12040.07056114,121.22893469,4.72006418,8.74035887,39.78600084,7.79236406,19.82376114,16.94594413,4403.3141599,7.43703115,16116.31155117,0.43438103,1.12972961,2263.58863786,2.54057173,2.90977693,29.9232057,41.0034669,84.16703661,96.90907587,4.11221578,9.09894347,17.41620548,2.27670037,2838.48099924,126.98615093,129.77233887,488.14221161,5.10346455,1.53490398,535.40139123,12.91798458,4505.39883088,48.74174075,27.28471003,1.12972961,84.16703661,9.06226038,27.28310903,56.94933293,1.12972961,1648.70399674,31.44961988,37.0755237,920.97245565,23.47612753,4.94815851,4.51736034,655.957,3.49823999,1.05262416,0.80845856,0.34188207,117.57585498,1.12972961,655.957,0.00060942,4591.22332824,2254.50754951,0.04527941,5.17382711,3.05272349,150.40882911,119.33174224,3.97089287,0.84186598,17.75257974,17.57207925,165.3555144,3.24080155,1016.70891272,72.11707355,17.57207925,1.42044748,2008.62930334,1.12972961,6.21767276,1151.32886196,24.25928465,1.55181417,653.50096977,493.37444558,3.54738515,1.61633078,95.80029981
2021-11-17,7.22353244,113.58724911,491.96775001,1707.84134445,1337.2608515,12.3080936,229.26602908,1.95583,82.23847533,127.12119105,0.83955258,4012.95305372,726.36759602,201.41073047,49.91152318,14.79472558,10821.6594849,2.38150021,135.11688405,12406.45020519,6.95419923,940.10836432,1.0,10.03179339,12.80487481,2604.91070941,24.51418375,7771.53298356,17.51896197,63.97447864,283.54795482,0.83955258,19.9876224,1.92478041,1.5366643,0.80322356,1.95583,10.42120291,364.37668966,53.92851544,4.16056208,681.71536404,157.52382225,198.30025881,0.83955258,8.82492323,59.35517331,4.24836155,25674.21006901,9.91284362,7.68900873,9.91199358,47609.77938938,,237.02044729,176.25888423,12191.45796957,3236.47776768,4.65984176,17.51896197,3.95845228,0.92897614,105.18806593,2.81128308,110.27,25.22381947,465.60284629,0.42596905,2.0276184,61.72334196,12107.49592834,121.80351117,4.73615492,8.76999932,39.91241947,7.82409014,19.91111157,16.99344621,4440.81917797,7.43626937,16122.27987957,0.43559867,1.13289641,2270.00380791,2.56049861,2.92141794,29.98152403,41.05910939,84.05404917,97.06036491,4.12374295,9.12432988,17.43084793,2.28404904,2845.82894264,127.59923287,129.20858325,490.75490445,5.12329901,1.5366643,537.68560459,12.95688017,4513.79568053,49.06784438,27.30918767,1.13289641,84.05404917,9.08967093,27.31836086,56.92549829,1.13289641,1653.22929254,31.49135862,36.9524726,923.84280024,23.42351456,4.94899922,4.5392636,655.95700002,3.48538082,1.05113955,0.8089703,0.34271476,117.60348803,1.13289641,655.95700002,0.00060675,4606.89468302,2255.53871305,0.04523879,5.19840098,3.06142708,149.40355906,119.33174225,3.97562268,0.83955258,17.80166672,17.51896197,165.65014427,3.26546821,1019.55921942,72.31054123,17.51896197,1.42921704,2009.02661908,1.13289641,6.26451667,1153.42267187,24.34985759,1.5574383,654.97200264,494.73648119,3.54964312,1.61188499,96.05447951
2021-11-18,7.25152632,113.95479433,491.96775001,1711.90608278,1345.46483215,12.63525312,229.17343968,1.95583,82.86867161,127.29055201,0.84211051,4060.98039195,727.09210139,201.88927648,49.9838638,15.5165736,10845.9783845,2.38526992,135.53715678,12435.77201228,6.9792313,945.52633819,1.0,10.0796136,12.81727705,2611.19643597,24.5085803,7787.66360513,17.75851726,64.16651265,284.14396668,0.84211051,20.04508768,1.92938647,1.54151857,0.80513527,1.95583,10.43610319,363.86320996,54.51589317,4.1704644,680.01266927,157.76711702,198.87448774,0.84211051,8.84723006,59.47683866,4.25847284,25688.7366227,9.93643663,7.69462016,10.00682964,47723.53507825,,237.08276629,176.60896941,12217.82992806,3235.17775021,4.66999281,17.75851726,3.96774042,0.93118498,105.56041523,2.82135387,110.27,25.28345706,466.7492492,0.42698288,2.0325728,61.61062326,12148.84015388,121.59302879,4.74939557,8.7780592,39.96386315,7.82549944,19.98783343,17.03389137,4457.01164302,7.43657981,16168.20010971,0.43663542,1.13559276,2275.36841715,2.544238,2.92741079,30.14969541,41.11116839,84.31549411,97.38370171,4.13355764,9.17023676,17.47661671,2.28718935,2853.20588396,127.63222864,129.87431312,490.92276636,5.16743026,1.54151857,539.00053338,12.99122046,4524.22701503,49.0802426,27.3456675,1.13559276,84.31549411,9.11264696,27.365503,57.17848346,1.13559276,1657.29698419,31.56729942,37.02921979,925.45596554,23.58505233,4.94944869,4.56995953,655.95700002,3.50470345,1.0522197,0.81063346,0.34343576,117.59587408,1.13559276,655.95700002,0.0006099,4615.29679972,2258.12031579,0.04556123,5.21746326,3.06874522,148.60258189,119.33174225,3.98528733,0.84211051,17.82678582,17.75851726,166.19624276,3.26195988,1021.99945073,72.4894899,17.75851726,1.4308127,2010.6132034,1.13559276,6.31221164,1155.44658123,24.39216514,1.56093214,656.14057568,495.91123352,3.54228528,1.61373843,96.29887114
2021-11-19,7.2057626,113.36827751,491.96775001,1700.728297,1343.79611574,12.6703327,227.77832992,1.95583,82.89865327,126.40125048,0.8390295,4029.27239214,722.20183768,200.81254544,49.87552477,15.5450601,10749.01994349,2.36939438,134.7463027,12391.85357538,6.90478867,934.5464318,1.0,10.12859532,12.73674266,2596.86237021,24.44974895,7727.93783284,17.72079858,63.76158084,282.30053472,0.8390295,19.92861105,1.91787354,1.53571089,0.79987818,1.95583,10.38680388,367.56181543,53.86345315,4.14323361,670.50364444,157.07742534,197.38238365,0.8390295,8.7890461,59.08659936,4.23066741,25571.00335131,9.87155728,7.64939173,10.05256777,47411.95137934,,235.76458326,175.38700306,12147.58607656,3216.61390473,4.69667202,17.72079858,3.94127956,0.92483406,105.24926862,2.78718204,110.27,25.42420113,463.56632381,0.42419492,2.01665122,61.4395714,12083.74318222,121.33314556,4.71750165,8.7217269,39.71571539,7.78065171,19.88051066,16.92266962,4417.69675268,7.43592367,16086.40948036,0.43378443,1.12817797,2257.45528662,2.53296299,2.86635802,30.04810169,40.86139436,83.82351645,96.70793572,4.10656783,9.11286389,17.39243169,2.27243123,2834.01493659,125.80242682,128.62360802,488.7458201,5.11823047,1.53571089,535.83540446,13.18519143,4496.97528566,48.76727054,27.18064389,1.12817797,83.82351645,9.05271749,27.1653547,56.9801025,1.12817797,1646.3763815,31.3668122,37.00114288,920.20778333,23.51394748,4.94993154,4.52956844,655.95700002,3.49146044,1.04757636,0.80670102,0.34149646,117.56062641,1.12817797,655.95700002,0.00061126,4585.66289679,2245.36110376,0.0458422,5.17969251,3.04867878,147.83044103,119.33174225,3.95752002,0.8390295,17.71671624,17.72079858,164.77192521,3.20299214,1015.20070477,71.84193676,17.72079858,1.4264872,1996.81125151,1.12817797,6.33316389,1146.67933677,24.24841556,1.55881797,650.9314226,492.67917016,3.51097137,1.60903137,95.64735323
2021-11-20,7.20564784,113.33411113,491.96775,1700.77287473,1339.80618083,12.6720669,227.82165166,1.95583,83.56553698,126.52490059,0.8391895,4039.24813644,722.34922259,200.8204614,49.91409089,16.86482608,10649.25749318,2.3694677,134.63074956,12394.27072535,6.79429857,933.14696579,1.0,10.09280077,12.73707396,2595.39322129,24.53924429,7732.49759275,17.76607079,63.96867898,282.3339379,0.8391895,19.92978741,1.91792963,1.53601372,0.79989915,1.95583,10.38373864,367.3758048,53.86520894,4.14334221,670.38423273,157.37247079,196.51554261,0.8391895,8.79005191,59.06573384,4.2307783,25610.25721107,9.87181602,7.63388909,10.06147849,47413.4109346,,236.91314244,174.86143117,12148.52594491,3215.51103667,4.69344091,17.76607079,3.95268697,0.92513537,105.40849085,2.78667267,110.27,25.42194299,464.30727619,0.42420604,2.01667095,61.55499467,12111.91747312,121.14644579,4.71466788,8.72552052,39.71167199,7.77900204,19.96859425,16.92311318,4410.47298597,7.4365967,16051.14879175,0.4337958,1.12820755,2257.4305052,2.53304191,2.866419,29.95938544,40.96483416,83.7516327,96.7725696,4.10667547,9.11310274,17.6789967,2.27367813,2834.30860298,125.80457553,128.59147272,488.61919883,5.16701885,1.53601372,535.7427111,13.11426453,4496.47356445,48.47914952,27.20729986,1.12820755,83.7516327,9.05375347,28.20518876,56.97655177,1.12820755,1646.71002976,31.40460692,37.03475265,923.24294187,23.51433712,4.94957047,4.51118422,655.957,3.48967173,1.04781247,0.80671535,0.34224331,117.68632067,1.12820755,655.957,0.00061127,4585.47267205,2251.5387502,0.04584345,5.17362173,3.04616043,147.94182049,119.33174224,3.95864454,0.8391895,17.69229399,17.76607079,161.07845205,3.24469399,1015.38679087,71.8427605,17.76607079,1.42601292,1990.26473868,1.12820755,6.33434967,1132.59188106,24.20005539,1.5595353,650.95692832,492.6921739,3.5109819,1.61298905,95.64986024
2021-11-21,7.19867695,113.29934794,491.96775001,1699.70646788,1338.25164568,12.60089533,228.58800923,1.95583,82.64336893,126.52818321,0.83890845,4036.35986282,722.25439791,200.51638803,49.84243905,15.81384262,10733.36104684,2.36810288,134.75599373,12373.71657015,6.88469483,933.57491537,1.0,10.08870883,12.74354651,2592.59446992,24.49531385,7728.25578549,17.73735312,63.82210973,282.14351196,0.83890845,19.93997417,1.91559809,1.53497881,0.7993976,1.95583,10.3937687,367.41102676,53.86544162,4.14074428,678.89834089,157.14331277,197.43423979,0.83890845,8.78512441,59.0285706,4.22812554,25578.08617305,9.86562626,7.64623568,10.05788765,47383.27078792,,236.04514011,175.08703319,12100.17365267,3220.89281976,4.69230734,17.73735312,3.95020478,0.9245299,105.34840367,2.8036906,110.27,25.41335611,463.52305849,0.42394005,2.01726404,61.48090076,12099.5334582,121.26522585,4.71703095,8.72401257,39.7464679,7.78074318,19.91972484,16.91250217,4413.06518905,7.43642805,16069.97538542,0.43352381,1.12750014,2258.78101173,2.53259349,2.90391801,29.95208122,40.87910575,83.82954509,96.8556148,4.10410053,9.0782066,17.41043899,2.27299851,2832.28978972,126.75861779,128.71233519,488.43296808,5.10949989,1.53497881,535.37790362,13.10604254,4502.72286989,48.6476636,27.19516426,1.12750014,83.82954509,9.04867814,27.44380167,57.10925938,1.12750014,1645.50273184,31.34540858,37.0200292,920.2603456,23.47613389,4.95175238,4.51684722,655.95700001,3.49298333,1.04752174,0.80678357,0.34151243,117.68706881,1.12750014,655.95700001,0.00060999,4586.96450092,2248.12852472,0.04557283,5.18036547,3.04652267,147.80333156,119.33174224,3.9560611,0.83890845,17.71205346,17.73735312,163.53505985,3.22406436,1014.73565431,71.90760657,17.73735312,1.42501412,1994.85090868,1.12750014,6.32401213,1142.90541565,24.24522579,1.55537678,650.98040336,492.38862463,3.51201465,1.61114263,95.59117287
2021-11-22,7.17364668,112.80874477,491.96774999,1693.71127056,1336.07748937,12.82199428,227.77043603,1.95583,84.09765423,126.56433782,0.83891786,4028.49637625,720.13113171,199.75187709,49.81560603,14.68815287,10642.12500217,2.37164341,134.52912239,12335.66357051,6.89686674,912.51704966,1.0,10.11273386,12.7094672,2583.79138674,24.53034818,7703.66686446,17.82018177,63.81864731,281.20742692,0.83891786,19.90493388,1.90888963,1.53477356,0.79657797,1.95583,10.38206036,370.37673849,53.64028619,4.12613907,673.70292537,156.61421749,196.8293238,0.83891786,8.75440453,58.75336775,4.21321212,25503.82916955,9.83082827,7.6371283,10.04970537,47215.4260636,,235.15549624,175.1587603,12084.03412567,3206.28242083,4.70829851,17.82018177,3.9372329,0.92127692,105.36484631,2.81636833,110.27,25.45263174,462.36821031,0.42244473,2.01087384,61.543677,12122.5099298,121.31772392,4.7109081,8.70319809,39.71072795,7.75992587,19.84713711,16.85284846,4410.50874424,7.43660229,16026.17504371,0.43199468,1.12352323,2237.80773264,2.53564797,2.90838815,30.10799808,40.84891712,83.68841207,95.96792278,4.08962456,9.04578895,17.25178357,2.2674506,2822.82729084,126.98271616,129.34196176,486.13390198,5.09822524,1.53477356,533.86624327,13.08202812,4494.38653367,48.52122552,27.17320539,1.12352323,83.68841207,9.01703666,27.42293268,56.92497272,1.12352323,1639.55862587,31.23615748,37.18000181,916.25474102,23.61401902,4.94999659,4.50485713,655.95699999,3.47277047,1.04817604,0.80527992,0.34028777,117.56683484,1.12352323,655.95699999,0.00062173,4580.9903049,2244.30081252,0.04626576,5.18156106,3.03558638,147.99755296,119.33174224,3.94217435,0.83891786,17.66110348,17.82018177,160.6838453,3.21143074,1011.11082229,71.71627684,17.82018177,1.42763349,1992.01051226,1.12352323,6.28398808,1127.88929094,24.18035353,1.55549193,656.11337077,490.49901376,3.49802308,1.62118446,95.26061104
2021-11-23,7.18371882,113.03501117,491.96775001,1694.2145305,1337.01064284,14.30661454,227.91340509,1.95583,83.56254772,126.3168579,0.84039888,4014.19194199,719.19799119,199.81293705,49.49028422,15.53760039,10715.27926418,2.3727965,134.66615905,12340.59086735,6.89884249,913.50753646,1.0,10.16771975,12.69989191,2584.25947409,24.53122785,7692.29483035,17.83555877,63.64983931,281.20308661,0.84039888,19.89893934,1.90943371,1.53556735,0.79681466,1.95583,10.38337363,370.00076459,54.04286221,4.12736508,661.55428548,156.61472812,196.88477949,0.84039888,8.75865021,58.82656157,4.21446401,25594.04704598,9.83374935,7.63199448,10.01873373,47230.42787567,,234.86335701,174.84206869,12064.78694428,3202.9413494,4.70302968,17.83555877,3.92682097,0.92157527,105.84319679,2.82674678,110.27,25.51584921,461.24606204,0.42257026,2.01143754,61.58189635,12114.26900491,121.26069963,4.73117698,8.69218973,39.60377776,7.75558805,19.84983267,16.85785602,4440.32567304,7.43671273,16040.89160545,0.43212304,1.12385707,2232.09820349,2.53724322,2.90056382,30.1757017,40.75406061,83.77366037,96.3803178,4.09083973,9.04861122,17.33281497,2.26468939,2823.15538908,126.99272848,129.21475352,483.24758623,5.09971525,1.53556735,534.76462242,13.09150822,4481.17912627,48.59726764,27.10592084,1.12385707,83.77366037,9.02140972,27.40170961,56.83949767,1.12385707,1640.16751514,31.25701058,37.49079382,915.78232495,23.89609476,4.94958994,4.50729201,655.95700001,3.52527498,1.04958349,0.80595763,0.34048234,117.58178467,1.12385707,655.95700001,0.00062709,4571.32049686,2239.02670488,0.04773668,5.17264566,3.03656661,147.59947266,119.33174224,3.94501861,0.84039888,17.66516075,17.83555877,160.53810898,3.24561718,1011.49022369,71.73657183,17.83555877,1.42616914,1995.28979262,1.12385707,6.2616057,1160.42379451,24.16625661,1.56015919,650.35364516,490.59371016,3.49523817,1.62767962,95.30178196
2021-11-24,7.16534815,112.7869116,491.96774998,1690.51082962,1334.42979335,13.42492723,227.07362258,1.95583,83.81312857,125.9312932,0.84020888,4000.26350379,717.5000646,199.38021368,49.4376823,14.74358605,10697.39768887,2.37435911,134.42969637,12301.54985476,6.86524159,913.1215586,1.0,10.21595044,12.66692846,2578.0845525,24.52515952,7665.83890426,17.81042705,63.40835473,280.67310475,0.84020888,19.88911952,1.90531054,1.53505979,0.79507276,1.95583,10.38190499,368.76270503,54.06735978,4.1183423,668.12846855,156.48685016,196.92245811,0.84020888,8.74337901,58.74819358,4.20525082,25546.3104151,9.81225191,7.61899508,10.03508733,47127.16200983,,234.39637379,174.90886767,12046.69483979,3195.93065411,4.67883798,17.81042705,3.91841718,0.91955055,105.70920337,2.83826236,110.27,25.50985478,460.04434745,0.42164648,2.00699953,61.61338182,12106.95554159,121.43421278,4.74068592,8.67577658,39.54040089,7.73437851,19.89132207,16.82100328,4463.78228529,7.43655528,16007.54296212,0.43117838,1.12140022,2231.08931301,2.54617303,2.91592516,30.2767957,40.69164928,83.62656073,96.13920348,4.0818968,9.03145164,17.28941344,2.26027037,2817.55325374,127.11898444,129.36933473,482.97445692,5.1096719,1.53505979,534.65883308,13.11396392,4474.57723307,48.71645385,27.06103968,1.12140022,83.62656073,9.00568038,27.32893713,56.6060144,1.12140022,1634.86489426,31.17665444,37.39630148,913.57960284,24.0344297,4.94961843,4.51025725,655.95699997,3.5316479,1.0470565,0.80484351,0.33983905,117.55728466,1.12140022,655.95699997,0.00062609,4561.20807451,2236.3800013,0.04748478,5.17379561,3.02996576,146.62266457,119.33174224,3.93646213,0.84020888,17.62812309,17.81042705,160.04404315,3.25071325,1009.25571301,71.57584726,17.81042705,1.41908756,1994.71930244,1.12140022,6.28363834,1158.19591706,24.13666728,1.55698113,655.35639077,489.50859581,3.48842776,1.63145702,95.09572125
2021-11-25,7.17232801,112.97715341,491.96774998,1691.59348632,1339.66872404,13.6675728,227.23311302,1.95583,84.53855925,126.11393524,0.84328572,3996.17500591,717.82292,199.5102853,49.51769331,14.69748233,10676.12644862,2.37796327,134.55220834,12307.28857185,6.87162585,919.75701652,1.0,10.24212299,12.66729666,2580.37056604,24.50979402,7669.76291378,18.22043947,63.45628802,280.8533236,0.84328572,19.90720253,1.9065558,1.53872636,0.79558194,1.95583,10.40095516,366.77286135,54.06576619,4.12097982,668.08821833,156.55031409,196.95869577,0.84328572,8.74895992,58.79117947,4.207944,25467.58069825,9.81853599,7.62154342,10.11712256,47157.34348847,,234.5455036,175.07431578,12064.92755653,3198.02091601,4.68802328,18.22043947,3.92014113,0.9201349,105.93097506,2.8417867,110.26999999,25.61984565,461.52771958,0.42191652,2.00828385,61.63980423,12165.35770275,121.29811793,4.76080265,8.68068402,39.53429985,7.74217253,19.92662245,16.83177598,4465.85889525,7.4361444,16076.05409188,0.43145452,1.1221184,2232.94722267,2.54174237,2.91201169,30.35521302,40.70206354,83.70277346,95.85920313,4.08451097,9.03475907,17.30595753,2.26120872,2819.35770612,127.23434694,128.69581571,484.63419493,5.12184877,1.53872636,537.42029545,13.13527289,4467.8833679,49.14270634,27.04834411,1.1221184,83.70277346,9.01142871,27.34376789,56.56918414,1.1221184,1635.91196631,31.2500635,37.65195942,914.32730763,24.6515975,4.94863344,4.52707856,655.95699997,3.54599879,1.04718529,0.80518638,0.33986309,117.58943267,1.1221184,655.95699997,0.00062496,4565.06678271,2235.89405194,0.04755228,5.17221952,3.03189467,146.99692868,119.33174224,3.93724573,0.84328572,17.64086742,18.22043947,160.14243469,3.25103259,1009.88176913,71.84950917,18.22043947,1.42635759,2000.51106863,1.1221184,6.24949599,1156.51925727,24.15172376,1.57119204,655.33784419,489.82219353,3.49015404,1.6442422,95.15159839
2021-11-26,7.23635478,114.07837646,491.96775,1706.32483629,1352.39192318,14.01645328,229.22364227,1.95583,85.5974172,127.35386804,0.84858151,4027.30212852,721.61081087,201.47575503,49.97362939,16.55712074,10712.624413,2.40074822,136.53554224,12582.75582713,6.9071774,941.78560803,1.0,10.36504953,12.77457268,2605.16218775,24.61506078,7743.12881155,18.44604785,64.08085163,283.28733179,0.84858151,20.09374277,1.92419788,1.55205903,0.80251032,1.95583,10.45876962,369.32516673,54.11326983,4.15686764,662.19474094,157.60580918,199.61803303,0.84858151,8.82754669,59.32346753,4.24458914,25676.64160745,9.90404134,7.66965481,10.25084323,47568.00359822,,236.97142237,175.83236421,12215.12564252,3227.20125719,4.70816456,18.44604785,3.95944928,0.92822055,107.41157571,2.89206538,110.27,25.67889578,464.48622633,0.4255908,2.02326945,62.04273028,12265.20234257,121.16450281,4.79996317,8.75661892,39.87212245,7.81225174,20.14436872,16.97835658,4533.74632434,7.43686125,16266.36059482,0.43521187,1.13189044,2264.52328236,2.54244829,2.90152044,30.73161694,40.89225635,84.93657371,97.18470732,4.1200812,9.12813689,17.43993147,2.28092994,2843.91006296,127.53917745,128.30846124,493.64930858,5.18064513,1.55205903,545.56904717,13.41260864,4512.21492913,48.93037582,27.29144281,1.13189044,84.93657371,9.09237309,27.76571642,57.12432922,1.13189044,1652.16519188,31.54557847,37.98035892,924.1406716,24.79846265,4.95156053,4.56130833,655.95699999,3.61253255,1.04489807,0.80918533,0.34255485,117.9864099,1.13189044,655.95699999,0.00063152,4606.6146113,2261.28798638,0.04888212,5.21938696,3.0578578,147.05609588,119.33174224,3.99537385,0.84858151,17.79343541,18.44604785,161.02216485,3.26467388,1018.77164595,72.1005173,18.44604785,1.44797735,2018.60167373,1.13189044,6.34985222,1157.08668594,24.34482396,1.58879527,661.05535317,494.03198961,3.50503695,1.65976064,95.95568722
2021-11-27,7.23700433,114.08727978,491.96775,1706.52032983,1352.19508488,14.08398667,229.38878993,1.95583,85.24645206,127.39870794,0.84855817,4019.2291443,718.71480731,201.49925314,49.92462253,16.57745106,10631.68735934,2.4032571,136.52678491,12584.16449157,6.84507321,941.86757271,1.0,10.3687511,12.77648926,2604.51365923,24.53983685,7750.40519371,18.43730852,64.11630985,283.30714856,0.84855817,20.09278279,1.92442406,1.55250356,0.80260226,1.95583,10.46020554,369.36186214,53.68948691,4.15734389,662.28640892,157.75738295,199.93520855,0.84855817,8.82847749,59.34226294,4.24507545,25682.11180929,9.90517604,7.65400633,10.24224879,47573.50555058,,237.61558695,175.01021587,12216.75282391,3227.28145692,4.71331363,18.43730852,3.96636627,0.92828409,108.45042137,2.89231422,110.27,25.66645006,464.78649028,0.42563956,2.02348674,61.91504071,12281.26279922,121.26040557,4.80035237,8.75728382,39.87599885,7.81994182,20.1717988,16.98030179,4531.79134368,7.438577,16249.25561684,0.43526174,1.13202012,2264.95110109,2.5427331,2.90184601,30.61040955,41.06899928,84.93112592,97.39488693,4.12055323,9.12918591,17.46531348,2.28132185,2844.23608939,127.55379965,128.29732943,493.02989507,5.1812753,1.55250356,545.25559616,13.2483677,4511.076179,49.29311651,27.30465036,1.13202012,84.93112592,9.09333182,28.19557777,57.097682,1.13202012,1652.38342455,31.54815011,37.92442261,925.19765083,24.80381593,4.95243349,4.56197932,655.957,3.60567199,1.04478537,0.80927804,0.34252248,117.57703074,1.13202012,655.957,0.00063153,4603.07025006,2260.44261652,0.04892751,5.22203902,3.05725298,147.14245353,119.33174224,3.99582002,0.84855817,17.78993809,18.43730852,160.79459746,3.26316983,1018.8792911,72.108735,18.43730852,1.44908391,2018.49384541,1.13202012,6.3501131,1142.64710369,24.34893964,1.58913233,661.15889536,494.08830758,3.50552355,1.65959249,95.96668086
2021-11-28,7.19825085,113.54797909,491.96774998,1700.11716299,1345.91156026,13.95361754,227.81177486,1.95583,84.43098712,126.85950393,0.84568815,4014.77563661,721.00682466,200.48810997,49.72297792,16.49806551,10737.38087065,2.39475396,135.80896906,12530.72415073,6.89572913,938.3543029,1.0,10.28297157,12.72252419,2593.64144502,24.50119631,7699.14088115,18.20001499,63.75553134,282.26655115,0.84568815,20.0163697,1.91606104,1.54473045,0.79959076,1.95583,10.42053483,369.21706966,54.3237841,4.1417448,664.26360204,157.07147413,198.59854781,0.84568815,8.79577225,59.09863971,4.22914717,25584.96760521,9.86801007,7.64722807,10.17229267,47393.7817373,,235.57517629,175.60522704,12154.40592814,3225.87375335,4.70643664,18.20001499,3.93986979,0.92476806,106.53613947,2.88752794,110.27,25.67974246,462.81309306,0.42404249,2.01859279,61.71260958,12231.76809215,121.06874212,4.77897024,8.72133273,39.70749185,7.77933888,20.0428419,16.91658869,4518.00980846,7.43661398,16160.94184233,0.43362856,1.12777258,2244.35419436,2.57216635,2.94499777,30.60863102,40.87400748,84.48458417,96.72178778,4.10509219,9.08037059,17.3881226,2.27173508,2833.49347504,128.06433808,128.16417282,490.70327163,5.16343413,1.54473045,543.18223498,13.19857311,4496.06569458,48.48239968,27.16838032,1.12777258,84.48458417,9.05964541,27.11293047,56.78190862,1.12777258,1645.78290078,31.38389613,38.05926422,919.60469063,24.47178372,4.95078719,4.55540239,655.95699998,3.59511806,1.04416865,0.80697538,0.34114555,117.51269199,1.12777258,655.95699998,0.00062889,4582.58440509,2244.98067457,0.0482319,5.201723,3.04779175,147.00834174,119.33174224,3.95801814,0.84568815,17.79103076,18.20001499,160.60107642,3.253187,1014.94320409,71.99194191,18.20001499,1.43681099,2014.37282342,1.12777258,6.28022531,1165.34054713,24.25791061,1.57834527,658.66970194,492.20874529,3.48589028,1.65051416,95.6086808
2021-11-29,7.19879141,113.97535695,491.96775,1702.99290308,1341.83250677,14.39720946,229.02870586,1.95583,84.02490143,127.13466393,0.84809949,4026.70477401,721.80039174,200.83998198,49.79121272,15.10949169,10726.55057117,2.40553687,136.10065135,12532.82501642,6.92852878,953.82850224,1.0,10.23448881,12.75390528,2597.83943452,24.50491165,7720.1475192,18.20686971,63.93276299,282.74945167,0.84809949,20.02959726,1.91930471,1.54574211,0.80094326,1.95583,10.44882211,367.31692369,54.45335773,4.14875054,666.26080262,157.1466597,199.1014185,0.84809949,8.81090931,59.19878631,4.23630075,25555.95821825,9.88470176,7.66498612,10.17718893,47474.59415024,,236.05285443,175.84198762,12181.89802657,3229.86496467,4.67592456,18.20686971,3.94669151,0.92633661,106.76558834,2.8908455,110.27,25.58428845,465.35742222,0.42475976,2.02191666,61.68135595,12258.87367367,120.89418064,4.7741966,8.73649039,39.7854248,7.78604932,20.10129251,16.94520302,4557.1801916,7.43675226,16170.31672713,0.43436204,1.1296802,2248.07490252,2.57769572,2.9523834,30.8121276,40.95559407,84.66603505,96.82496283,4.11203593,9.09570804,17.38062459,2.27601512,2837.66223199,128.59439163,128.38299131,491.68246116,5.20328885,1.54574211,547.28399145,13.28800294,4501.02669158,49.46211803,27.24042632,1.1296802,84.66603505,9.07523659,27.19525638,56.8782893,1.1296802,1648.44149629,31.32324794,38.09734259,922.51922561,24.4696534,4.95099735,4.5935592,655.957,3.5730971,1.04198326,0.80788496,0.34193561,117.57262138,1.1296802,655.957,0.00063178,4591.08471272,2250.20038871,0.04926419,5.20916807,3.0528507,147.00450655,119.33174224,3.96385696,0.84809949,17.76025611,18.20686971,160.342858,3.25393337,1016.69717861,72.11024882,18.20686971,1.43928137,2019.27620832,1.1296802,6.32864105,1165.93993866,24.30615769,1.58129056,656.49165977,493.05574333,3.50020961,1.65442567,95.79589045
2021-11-30,7.20859405,114.35724336,491.96774998,1707.90378973,1336.11621196,15.36990705,229.69633644,1.95583,83.78511961,127.63566043,0.8509617,4045.91441471,712.35910738,201.40240389,50.17611984,16.72079265,10543.24699982,2.41212479,136.53536352,12603.6310446,6.9482754,937.36715596,1.0,10.21422601,12.81824031,2605.11139996,24.52058088,7750.91009629,17.91886161,64.26989515,283.48974056,0.8509617,20.09891225,1.9248456,1.54610149,0.80325293,1.95583,10.47522621,364.61649534,54.7549232,4.16071421,662.92410027,157.61368206,198.47550434,0.8509617,8.83205968,59.35867514,4.24851689,25670.08847734,9.91320608,7.68484249,10.22420657,47612.103237,,237.03789223,176.55572218,12222.68471957,3246.88596176,4.64933122,17.91886161,3.95823819,0.92900853,109.07188077,2.87714626,110.27,25.5243669,464.57311165,0.42598463,2.0279165,61.70132804,12324.39122096,121.39961992,4.76268754,8.76940746,39.40772573,7.81259676,20.23342294,16.99406756,4525.179375,7.43699387,16240.66454782,0.4356146,1.13293784,2254.58611107,2.58419458,2.96038705,30.78884781,41.17880235,84.93646253,97.28550108,4.12389373,9.12228033,17.46101723,2.28529045,2846.53815975,129.06010551,128.53303101,498.62017239,5.22047113,1.54610149,549.34239352,13.32732206,4524.12050174,48.72962234,27.38906299,1.13293784,84.93646253,9.09702147,27.32894672,57.0468372,1.13293784,1653.27653442,31.37844999,38.20175891,924.22483018,24.1833744,4.94820399,4.608123,655.95699998,3.5641966,1.04284171,0.80931594,0.34261071,117.03144104,1.13293784,655.95699998,0.00063729,4617.94012401,2261.62082717,0.0495629,5.22341748,3.06163043,146.79634155,119.33174224,3.9752424,0.8509617,17.84596954,17.91886161,160.8456909,3.26325911,1019.64428694,72.32807275,17.91886161,1.44318122,2032.18099997,1.13293784,6.3720243,1136.07767505,24.36605601,1.58182987,661.68569474,494.46980276,3.53993015,1.65305287,96.06051527
2021-12-01,7.21403723,114.35608146,491.96775,1707.4613717,1333.89561093,15.24562746,229.35064928,1.95583,83.95242914,127.5146511,0.85221044,4035.68931973,711.32078553,201.37423414,49.84224834,15.44588944,10545.29193599,2.41205315,136.60632975,12562.16447775,6.94281389,950.47833699,1.0,10.27854304,12.7845009,2604.59408856,24.6947105,7748.1217846,18.13465156,63.90001256,283.42061371,0.85221044,20.05703498,1.92435541,1.54716753,0.80304485,1.95583,10.44782276,362.82725796,54.61409252,4.15963641,663.28421606,157.60290287,198.53260525,0.85221044,8.82722547,59.33845418,4.24741635,25751.95299873,9.91063814,7.66733143,10.28388077,47598.82254238,,236.43532942,176.07682222,12218.72533865,3235.23494137,4.62418872,18.13465156,3.9573925,0.92876611,108.88080291,2.88220268,110.27,25.47563293,464.79499531,0.42587428,2.02714134,61.62923799,12271.23865793,121.10899478,4.79034113,8.75396254,39.87908157,7.8052073,20.18639269,16.98966539,4492.14062226,7.43631444,16293.53838097,0.43550176,1.13264436,2255.25707651,2.58273698,2.95920384,30.99497836,41.05391502,84.98060948,96.96863712,4.12282547,9.12110855,17.47548597,2.28093906,2845.74773294,129.15536267,128.05910583,495.37184026,5.22515178,1.54716753,551.19392176,13.32015214,4505.84362827,49.13026948,27.30415657,1.13264436,84.98060948,9.09204224,27.28060313,57.09676499,1.13264436,1652.73971303,31.42039406,38.31062698,924.81406043,24.26890869,4.95271716,4.60831163,655.957,3.57783815,1.04192985,0.80901217,0.34261463,117.62774812,1.13264436,655.957,0.00063704,4607.24291539,2256.13243404,0.05060264,5.20092341,3.06080079,146.60483112,119.33174224,3.97382144,0.85221044,17.79343639,18.13465156,160.81756655,3.26187731,1019.32520428,72.34349619,18.13465156,1.4509784,2022.24645192,1.13264436,6.45139089,1138.13220154,24.38603232,1.59571709,660.42640925,494.33393664,3.53944908,1.66222947,96.045587
2021-12-02,7.20102652,114.1838959,491.96774999,1703.46129966,1331.89306968,15.51379619,229.0751926,1.95583,83.42617137,127.84878649,0.85030074,4043.69152699,711.3208198,200.88442691,50.01852589,15.05670652,10763.09838599,2.40737011,136.23569423,12562.96386708,6.92203152,946.39652549,1.0,10.2400834,12.78356397,2598.16726912,24.50546128,7742.45200137,18.04012604,64.20657917,282.82083546,0.85030074,20.12962398,1.91985191,1.54721268,0.80116356,1.95583,10.42558134,364.46607885,54.30469939,4.14989162,661.01083267,157.19539516,199.63823515,0.85030074,8.8032746,59.16985101,4.23746592,25719.58062784,9.88742048,7.67627109,10.29570969,47488.26996598,,236.45793981,176.11362642,12140.84373696,3228.11518161,4.60179635,18.04012604,3.94790402,0.92659393,108.7540955,2.87513219,110.27,25.45310149,463.64309479,0.42487658,2.0226072,61.57518378,12297.65005006,121.15590043,4.77844653,8.75545059,39.94883099,7.82496608,20.21590547,16.94986368,4447.06122995,7.43667402,16278.90966643,0.43448151,1.12999091,2250.21165599,2.58000885,2.9548958,30.78130825,41.1166357,84.75004307,97.11022458,4.11316692,9.10031658,17.42883074,2.28147993,2839.14003701,129.02740693,127.86573926,495.08591485,5.2360128,1.54721268,550.47534035,13.24291052,4512.79011166,48.63850109,27.3599046,1.12999091,84.75004307,9.06737283,27.2711869,56.91417386,1.12999091,1649.13925224,31.34386232,38.22687121,921.31931564,24.08176928,4.95024284,4.60603384,655.95699999,3.57844087,1.03996487,0.80810846,0.34162301,117.6130229,1.12999091,655.95699999,0.00063779,4614.80688744,2260.32392889,0.05043033,5.20832722,3.05365706,146.80722395,119.33174224,3.96462755,0.85030074,17.74735746,18.04012604,160.44961111,3.25545975,1017.00139089,72.11992816,18.04012604,1.4486156,2020.85356057,1.12999091,6.3802524,1134.42976118,24.29959843,1.597907,655.46244004,493.17620258,3.5242394,1.66307161,95.80965899
2021-12-03,7.21400871,114.38980715,491.96775,1705.54330557,1338.59780641,15.50243286,228.58484763,1.95583,83.63717973,127.51268436,0.85482031,4035.72261272,711.73792959,201.38367178,49.97715487,16.82127932,10584.10921344,2.41649819,136.96430758,12548.53636807,6.94251995,951.54727415,1.0,10.29698876,12.77438032,2604.81688503,24.51964252,7720.50650204,18.24539849,64.06998998,283.06351488,0.85482031,20.03436988,1.92332734,1.55260212,0.80214276,1.95583,10.44102695,364.37712438,54.41815744,4.15496371,639.31673085,157.262954,200.15888026,0.85482031,8.82018215,59.27777275,4.24264504,25848.23977239,9.89950509,7.66746068,10.36086136,47546.11042508,,236.54234077,176.00161578,12204.55836756,3224.79714439,4.59847595,18.24539849,3.95576944,0.92772856,108.81604134,2.87369922,110.27,25.45698481,464.46355723,0.42539588,2.02233633,61.66994425,12314.77259746,121.08520537,4.78702967,8.75008748,39.85520782,7.80573214,20.2097345,16.97058015,4487.93143112,7.43713966,16403.21783299,0.43501254,1.13137201,2217.2017734,2.51977962,2.91215318,30.95205106,41.06845856,85.20330176,96.86492032,4.11819412,9.13502709,17.4966654,2.2798621,2842.16819243,128.17238555,127.62188974,496.09815242,5.24248004,1.55260212,552.99618249,13.31124471,4505.24092381,48.70821098,27.33114803,1.13137201,85.20330176,9.08478762,27.33923179,57.0362905,1.13137201,1650.94211953,31.36440415,38.30297629,923.12742153,24.06631109,4.94890446,4.609066,655.957,3.57888908,1.03816201,0.80894271,0.34263539,117.65656229,1.13137201,655.957,0.00063443,4604.82581782,2256.84969289,0.05017168,5.2015206,3.05718632,146.5726349,119.33174224,3.98291507,0.85482031,17.76992427,18.24539849,160.57050611,3.25643213,1018.23483753,72.0673483,18.24539849,1.45280446,2018.62809795,1.13137201,6.39555609,1134.28900854,24.35223124,1.61552493,660.68595235,493.77896304,3.53915316,1.67644643,95.93463121
2021-12-04,7.21348383,114.34548182,491.96775,1705.42196797,1335.56666228,15.5194846,228.5354123,1.95583,83.59636353,127.55446298,0.85484431,4032.57296767,715.61601061,201.3695091,50.00808504,16.8735842,10583.77160268,2.4248972,137.06540915,12551.9501606,6.82417959,951.48708273,1.0,10.34964031,12.77062443,2603.66494876,24.54845218,7707.23369055,18.2084393,64.22330998,283.04913618,0.85484431,20.00375616,1.92319235,1.55252908,0.80208569,1.95583,10.43976725,364.39696885,54.41514956,4.15466811,639.17603398,157.95657833,199.9458224,0.85484431,8.8196573,59.27962193,4.2423432,25878.24204785,9.89880081,7.6491047,10.33249096,47542.90011355,,237.31447166,174.55148879,12203.80728278,3224.66213953,4.59750992,18.2084393,3.970678,0.92766695,108.69439981,2.87348251,110.27,25.44792977,464.62243074,0.42536561,2.02218428,61.79049547,12311.36331575,120.99257457,4.78585451,8.75401365,39.84967853,7.81160759,20.26238298,16.96937282,4486.99461236,7.43656504,16316.97957513,0.43498159,1.13129152,2216.98061477,2.51959816,2.91194558,30.99173393,41.10016729,85.26619543,96.9726357,4.11790114,9.13438016,17.72639385,2.27977595,2841.90661047,128.16324637,127.55268432,495.76718862,5.25057172,1.55252908,552.75718112,13.29071247,4507.51442366,48.64541178,27.32866128,1.13129152,85.26619543,9.08424702,28.28228859,56.99748806,1.13129152,1651.09110144,31.32351126,38.31109249,925.6544631,24.06240193,4.94804093,4.60569142,655.957,3.57588422,1.03820277,0.80888577,0.34323261,117.59905143,1.13129152,655.957,0.00063434,4599.73110327,2259.43772443,0.05018456,5.18902834,3.05806877,146.44557899,119.33174224,3.96946315,0.85484431,17.75341853,18.2084393,160.37915128,3.25756699,1018.18992627,72.06221758,18.2084393,1.45466754,2013.60595412,1.13129152,6.39554031,1137.22014602,24.28908176,1.61560444,660.76502349,493.74384329,3.53894379,1.6762455,95.92780612
2021-12-05,7.19382874,114.26921132,491.96774999,1702.19622493,1334.70279519,15.47370966,228.92749925,1.95583,83.17726047,127.39635445,0.85311451,4030.51737916,710.50778406,200.74975695,49.91738684,16.77708444,10728.71558225,2.40181641,136.56215788,12572.63997621,6.95483945,949.66529814,1.0,10.34514717,12.76166172,2596.82126765,24.49086802,7714.3794293,18.11909913,64.14732497,282.49885167,0.85311451,20.05917705,1.91833493,1.54556932,0.80056857,1.95583,10.43407748,364.54595608,54.31879593,4.14680971,661.10178671,157.00715082,199.51601777,0.85311451,8.80345851,59.15976577,4.23431897,26158.27897553,9.88007759,7.66700968,10.34958409,47452.04497014,,236.23399824,175.44763258,12207.59235903,3226.31364583,4.59878825,18.11909913,3.94482242,0.92588426,108.59967342,2.87073757,110.27,25.43970556,462.99094162,0.42456105,2.02099175,61.60153939,12299.35884627,120.87903899,4.76990844,8.74038415,39.81990507,7.79077038,20.16851462,16.93727587,4480.95158803,7.43606637,16299.36060466,0.43415884,1.12915172,2226.00276885,2.57669866,2.96746283,30.87880578,40.98451459,84.95313088,96.87603415,4.11011228,9.09136857,17.35898495,2.27767841,2836.42145242,128.88359154,127.58197733,494.59336681,5.2303705,1.54556932,552.92479965,13.30684507,4492.87009814,48.61629042,27.29199173,1.12915172,84.95313088,9.06756226,27.23084385,56.84859493,1.12915172,1647.77284102,31.28454487,38.17599583,923.61244127,23.96411832,4.94628228,4.60876905,655.95699998,3.57028014,1.03941763,0.80775297,0.34169587,117.41701219,1.12915172,655.95699998,0.00063293,4597.3800167,2251.51958348,0.05018653,5.19322086,3.05130727,146.58796001,119.33174224,3.96215428,0.85311451,17.77436483,18.11909913,160.31044798,3.25193865,1016.20142384,72.07321144,18.11909913,1.44788393,2016.67471814,1.12915172,6.38395061,1168.05990841,24.27096169,1.60804569,651.56882104,492.79994185,3.50812745,1.67084646,95.74227817
2021-12-06,7.19234557,114.29996017,491.96774999,1701.89674188,1333.04844706,15.61504692,228.87752778,1.95583,83.84016747,127.34154736,0.8496695,4031.69171569,710.74932628,200.70427608,49.9103076,16.87272333,10741.71753528,2.41958864,136.70784571,12560.87733566,6.97159957,955.21429842,1.0,10.25769998,12.75566343,2596.37510838,24.52975503,7691.20927635,17.93813815,64.12599697,282.57409983,0.8496695,19.95824499,1.91809858,1.54330981,0.80042772,1.95583,10.39587847,366.04972276,54.8599206,4.14608012,657.36389087,157.27026554,199.49955883,0.8496695,8.80640568,59.15533306,4.23357398,26129.03883032,9.8783393,7.67175224,10.2544549,47593.24862504,,235.87510016,175.20610985,12153.56653941,3226.59493066,4.59351463,17.93813815,3.94446323,0.92574141,108.58078478,2.8894793,110.27,25.43480454,462.87553356,0.42448635,2.02071284,61.62751686,12298.5334771,120.95411111,4.77721272,8.7392139,39.80508803,7.79189014,19.91914956,16.93429594,4439.68431604,7.43640361,16272.24567223,0.43408245,1.12895306,2225.20232034,2.58260695,2.96542324,30.81621876,40.96881009,85.04376094,96.81797563,4.10938915,9.09137443,17.40521731,2.27563143,2836.42373487,129.78804044,128.31244297,492.73804084,5.22700735,1.54330981,552.79386677,13.26370515,4495.03370157,48.49529619,27.28728986,1.12895306,85.04376094,9.07059785,27.18985691,56.75180176,1.12895306,1646.31433226,31.33132375,38.20074935,924.41012683,23.96566631,4.94833006,4.61840913,655.95699999,3.57394968,1.04355478,0.80764647,0.34187182,117.62716199,1.12895306,655.95699999,0.00063506,4600.95572043,2252.12023798,0.05063598,5.19404351,3.05089501,147.21371787,119.33174224,3.96188892,0.8496695,17.74611645,17.93813815,160.27405155,3.25660863,1016.00734004,72.06826014,17.93813815,1.43759009,2011.21467013,1.12895306,6.42374831,1168.91490604,24.29937513,1.59617008,653.65640756,493.84652088,3.4877194,1.67001841,95.72894116
2021-12-07,7.17472971,114.46100926,491.96775002,1702.12365745,1327.60041283,15.29059884,228.16555577,1.95583,83.43483259,127.19610472,0.85155224,4023.8129063,713.21580078,200.74090216,49.78469399,15.58118989,10699.5336087,2.41372342,136.79009764,12577.42953326,6.87965402,948.36479722,1.0,10.2542119,12.73751682,2596.78088852,24.52737626,7693.21441716,17.87614275,63.83966322,282.49314611,0.85155224,19.89754559,1.9183794,1.53985093,0.80053444,1.95583,10.4229015,366.89982704,54.28835846,4.14663292,652.28194845,157.27588572,199.25029975,0.85155224,8.80494468,59.2503422,4.23413845,25921.71498113,9.87965639,7.66370169,10.15984518,47621.55765179,,235.66388957,174.83457556,12166.36208109,3234.3621294,4.58485926,17.87614275,3.94613278,0.92586684,108.83738062,2.87507796,110.27,25.44244566,464.65223384,0.42454295,2.02084587,61.67728588,12328.10372878,121.1601466,4.7659539,8.7198593,39.70433794,7.77718086,19.67478681,16.93655381,4416.92107493,7.43571322,16195.0077708,0.43414033,1.12910359,2227.30530914,2.58044694,2.95450516,30.83107825,40.87085396,85.09492855,96.61608776,4.10993706,9.0941097,17.41358343,2.27296955,2836.90485298,128.82580416,128.14633932,492.54571128,5.21928215,1.53985093,554.42060391,13.23973267,4475.31425713,48.60549458,27.21894552,1.12910359,85.09492855,9.06909302,27.1589403,56.88376965,1.12910359,1647.25224491,31.33890589,37.81946029,918.89159495,23.72791689,4.94752972,4.60447513,655.95700002,3.53252045,1.0427672,0.80767885,0.34187318,117.56833313,1.12910359,655.95700002,0.00063195,4589.78552219,2244.92447835,0.05021702,5.18523438,3.05125098,147.22636773,119.33174225,3.96302435,0.85155224,17.73835182,17.87614275,160.26670449,3.2631448,1016.21091168,72.06991547,17.87614275,1.42688578,2008.09253212,1.12910359,6.33903745,1164.77743943,24.29994708,1.58223572,652.09833434,493.85424048,3.49450231,1.66154926,95.74510407
2021-12-08,7.1918082,114.90651393,491.96775,1708.80546522,1330.91200176,15.48005059,228.58567403,1.95583,83.36235474,127.58958021,0.85794292,4027.99088476,717.36024197,201.55472773,50.11268237,14.88438843,10709.27252974,2.41625664,136.88348457,12605.99288052,6.94118781,950.23161363,1.0,10.25011789,12.8010494,2606.55609596,24.51551046,7736.58006662,17.82865717,64.05363237,283.67926121,0.85794292,20.001195,1.92596253,1.5446603,0.803677,1.95583,10.43847019,365.3517216,54.41848433,4.16291083,650.52389215,157.69633832,201.02906402,0.85794292,8.83913788,59.39067298,4.25075986,26067.92977335,9.91843968,7.70540005,10.06453287,47720.01480766,,237.07694797,175.53267078,12216.29386698,3242.31964071,4.61517525,17.82865717,3.96097567,0.92949887,110.37272256,2.87882107,110.27,25.45863964,465.24077916,0.42620952,2.02850539,61.65463942,12362.88550946,121.03885094,4.7707166,8.76408758,39.7644325,7.8207966,19.50687521,17.00303945,4430.27465951,7.43615275,16268.75858249,0.43584458,1.13353596,2258.88324307,2.57833315,2.95070487,30.84142207,40.96132665,85.51209406,97.23162449,4.12607091,9.13439631,17.4675285,2.28451588,2848.05753384,128.75778338,128.78532122,495.08947369,5.24936638,1.5446603,558.32375561,13.27414775,4478.00694998,49.03151108,27.26771549,1.13353596,85.51209406,9.10431201,27.38525366,57.03101287,1.13353596,1654.3976204,31.39705548,37.92258822,917.424439,23.72885042,4.94915185,4.61937892,655.957,3.51271424,1.04333306,0.81014521,0.34339336,117.66007738,1.13353596,655.957,0.00063512,4592.93755119,2250.64662871,0.05052652,5.19004131,3.06302919,147.3633217,119.33174224,3.97534219,0.85794292,17.81797291,17.82865717,160.850579,3.26021201,1020.17560989,72.33720849,17.82865717,1.435268,2017.27981364,1.13353596,6.27270461,1163.20519201,24.40899589,1.58078092,653.80968382,495.75751877,3.51960815,1.66412149,96.12139138
2021-12-09,7.19064307,114.70785721,491.96774999,1703.11820529,1330.42012794,15.58662648,229.21538573,1.95583,83.3101621,127.75539715,0.85423844,4031.17430697,717.84382209,200.88845785,50.0344876,15.61206115,10716.2549451,2.40568042,136.79048169,12597.74000963,6.91760075,958.51046004,1.0,10.23358808,12.76987101,2597.64742194,24.49718204,7718.64248728,18.07075187,64.19680568,282.77338014,0.85423844,19.96142411,1.91967331,1.5427909,0.80100219,1.95583,10.45003974,365.38926789,54.98511264,4.14905579,643.8016524,157.11904941,200.5128445,0.85423844,8.81027133,59.20507461,4.23661245,26205.34219429,9.88542905,7.68821255,10.15732969,47642.16028202,,236.39472022,174.7619348,12170.99624754,3227.18333418,4.6028285,18.07075187,3.94670715,0.92640597,110.60013504,2.86349475,110.27,25.42187434,464.18297456,0.42479101,2.02120679,61.60821849,12415.67675757,121.05732131,4.76470969,8.73743115,39.85772033,7.79910597,18.13732274,16.9464498,4408.23698281,7.43603094,16240.54631634,0.434394,1.12976332,2253.11456582,2.57351667,2.95588611,30.61273351,41.06270108,85.4539945,96.95184518,4.11233849,9.10001101,17.34119667,2.27768945,2838.0676381,128.421377,128.29105486,491.33204098,5.22985645,1.5427909,558.18440406,13.21569142,4490.5179802,49.12989807,27.34225137,1.12976332,85.4539945,9.07457947,27.47904603,56.85521913,1.12976332,1649.16317993,31.31660244,37.93789935,920.71255392,23.69387272,4.94878907,4.60951595,655.95699998,3.50274338,1.04386973,0.80829196,0.34207678,117.52298069,1.12976332,655.95699998,0.00063511,4605.37517697,2257.25510127,0.05132195,5.20657857,3.05298622,147.41999048,119.33174224,3.96266413,0.85423844,17.7462938,18.07075187,160.38716142,3.26049768,1016.73674542,72.08888828,18.07075187,1.43515122,2011.37201711,1.12976332,6.30134398,1165.61213227,24.34870282,1.57930464,655.49442903,494.2061801,3.50211326,1.66164072,95.79257145
2021-12-10,7.20955731,114.86037799,491.96775002,1706.22322818,1336.69277124,15.7096734,229.11896469,1.95583,83.0873002,127.77996838,0.85286651,4025.49884829,720.73554132,201.4540433,50.03880668,14.53713027,10752.88908562,2.404635,137.28655817,12685.90846259,6.92551579,955.20650374,1.0,10.24391892,12.78593531,2607.03984347,24.56250795,7733.93523667,18.03239017,64.25567715,283.19867474,0.85286651,20.01279942,1.92396324,1.54546711,0.80246253,1.95583,10.46611428,365.85285275,54.88720849,4.1566201,643.28844417,157.33869562,201.18948243,0.85286651,8.82675516,59.40960418,4.24433639,26068.28985789,9.90345157,7.69539524,10.15979347,47826.76095639,,236.52078289,175.12893649,12247.24123641,3227.08409401,4.61910762,18.03239017,3.96569715,0.92809858,117.15334302,2.85126101,110.27,25.34826186,464.83247319,0.42556546,2.02327005,61.75945409,12435.00525261,121.43827152,4.76828851,8.7440982,39.8605078,7.80768451,18.28116432,16.97734555,4411.61534313,7.43653945,16253.33405455,0.43518596,1.13182304,2261.87229718,2.55063167,2.89041626,30.512303,41.11631833,85.76389703,97.08861811,4.11983585,9.16754687,17.42838872,2.2811462,2843.73961757,127.89048839,128.33243693,493.28284211,5.24304244,1.54546711,559.0259876,13.30015644,4497.19801805,49.37338703,27.41765771,1.13182304,85.76389703,9.09155782,27.20874229,56.97738061,1.13182304,1652.05500015,31.29173348,38.0431317,925.64034733,23.63809268,4.95025043,4.60122944,655.95700003,3.50974644,1.0423669,0.81071334,0.34287508,117.61059137,1.13182304,655.95700003,0.00063482,4614.174515,2260.57612019,0.0510289,5.20543449,3.05864216,147.61847574,119.33174225,3.98058145,0.85286651,17.77755221,18.03239017,160.55488251,3.26309325,1018.62119298,72.09934838,18.03239017,1.44023671,2014.84810239,1.13182304,6.3527488,1171.49991873,24.3821886,1.57804606,655.68857132,495.07996057,3.52172902,1.66538286,95.96002389
2021-12-11,7.20808514,114.85147304,491.96775,1705.85956821,1337.18723205,15.70392961,229.28263023,1.95583,84.41601869,127.86557048,0.85288771,4039.36857716,725.53009719,201.42139099,50.07188819,16.77364698,10573.98543275,2.40558113,137.19027307,12688.81885088,6.79204213,956.48320815,1.0,10.24187492,12.78725961,2604.33326869,24.55477918,7751.78515784,18.08247997,64.26230631,283.15555305,0.85288771,20.00297008,1.92360211,1.54418598,0.8022915,1.95583,10.46411789,365.64919484,54.73491185,4.15573417,643.03927371,158.09251305,201.58220189,0.85288771,8.82523438,59.35134106,4.24343176,26102.18547015,9.90134078,7.70411096,10.14389996,47555.11145416,,237.49195479,174.08530825,12245.97809431,3225.97950817,4.61632712,18.08247997,3.97172641,0.92790134,117.23110206,2.85158739,110.27,25.34549416,464.74221321,0.42547476,2.02270241,61.68253155,12443.61903159,120.91186624,4.76667591,8.75100612,39.85985888,7.81917029,18.33138698,16.97372705,4410.45479634,7.43460848,16267.50944302,0.4350932,1.1315818,2263.06162481,2.54977479,2.88962195,30.79621832,41.16667614,85.70374704,96.28186378,4.11895776,9.16628982,17.7273834,2.28048281,2843.1415211,127.86054319,128.29188297,493.02131909,5.24210814,1.54418598,558.94871371,13.2662923,4494.46966691,49.78988921,27.37522254,1.1315818,85.70374704,9.08999141,28.28954249,56.98502621,1.1315818,1651.71945575,31.33543746,38.07437829,928.34135891,23.6305033,4.95044462,4.59228523,655.957,3.5117615,1.04180033,0.8106176,0.34354832,117.57584438,1.1315818,655.957,0.00063462,4601.04230226,2262.10569844,0.05101557,5.19097708,3.05527179,147.49865482,119.33174224,3.98883538,0.85288771,17.75765822,18.08247997,160.19402787,3.265747,1018.4235816,72.08092851,18.08247997,1.43971918,2009.5162011,1.1315818,6.35318444,1138.59171187,24.36870096,1.57696016,663.1959519,493.82292931,3.5237203,1.66458998,95.93957122
2021-12-12,7.18808655,114.431044,491.96774998,1703.06458481,1331.08702945,15.66319302,228.66960613,1.95583,82.82813706,127.16439955,0.85253028,4007.82436686,718.72405394,200.85148089,49.77641427,14.61257822,10656.85810908,2.40619263,136.77092333,12762.74399266,6.85499605,957.94649766,1.0,10.24400763,12.71322658,2597.93098569,24.51484999,7700.47433195,18.02648874,63.94362159,282.6839486,0.85253028,19.95560023,1.91936071,1.54205095,0.80097698,1.95583,10.43332742,365.58076588,54.78512028,4.14892517,644.49595393,157.27385368,200.75762346,0.85253028,8.80912716,59.30251875,4.23647907,25891.07226718,9.88511782,7.64994618,10.1081547,47582.05215529,,235.21834147,173.88400066,12206.33443552,3233.03941637,4.61865047,18.02648874,3.95801281,0.92636968,116.6161298,2.83933004,110.26999999,25.34624884,462.6855115,0.42477763,2.02195383,61.53263482,12401.73617264,121.42420874,4.75490977,8.69872815,39.63982179,7.76752786,18.11910448,16.94591627,4405.17220363,7.43622419,16192.49013274,0.43438032,1.12972775,2246.63558419,2.57310115,2.94469737,30.42018225,41.0097853,85.44177625,96.43260176,4.11220901,9.09600605,17.40041899,2.26808304,2838.37649112,128.48629252,128.28485147,490.8602136,5.233321,1.54205095,555.97440171,13.24543029,4476.25933169,49.10821042,27.30431069,1.12972775,85.44177625,9.07340098,27.13254191,56.8349429,1.12972775,1649.30507557,31.3391892,37.67175318,926.7798123,23.5984899,4.95818796,4.59055503,655.95699997,3.50392885,1.04156075,0.80815373,0.34224589,117.38316725,1.12972775,655.95699997,0.00063268,4607.05289955,2242.72938461,0.05071287,5.1725097,3.05282788,147.60831375,119.33174224,3.96569195,0.85253028,17.70285956,18.02648874,160.23339444,3.24655136,1016.70394998,72.10909941,18.02648874,1.43620523,2003.58583222,1.12972775,6.34071541,1163.33893909,24.32896126,1.57466579,653.54530623,494.14322066,3.49504906,1.66184839,95.78230924
2021-12-13,7.1761581,114.603141,491.96775002,1699.55731953,1334.18731246,15.62075699,228.3115537,1.95583,82.94837629,127.21117385,0.85437436,4009.50572955,718.63463362,200.43525394,49.82539275,15.80300821,10524.90320864,2.40507798,136.97137072,12738.42730503,6.90812565,948.57940916,1.0,10.27084199,12.71054567,2592.29181082,24.72212886,7691.62556655,18.09139926,63.8522189,282.18016118,0.85437436,19.91859448,1.91546106,1.54325427,0.79932746,1.95583,10.44236311,367.8409846,54.85777482,4.14038093,648.75368167,157.07487449,200.81897812,0.85437436,8.79635201,59.16055168,4.22775453,25833.88454119,9.86476056,7.6430282,10.2186269,47533.50314303,,235.17111035,174.04545577,12214.69452797,3233.36610052,4.63950873,18.09139926,3.93900541,0.9244707,117.2064735,2.84191096,110.27000001,25.40468304,464.30380832,0.42390285,2.01784614,61.52757622,12396.17498911,120.87938875,4.77285638,8.70138279,39.68899883,7.76141405,18.23909699,16.9110181,4385.56318122,7.43615144,16171.34606608,0.43348576,1.12740121,2246.56922506,2.5766829,2.95149382,30.39608865,40.90617913,85.56699717,96.49809914,4.10374039,9.08037375,17.37028863,2.26787011,2832.13050277,128.57099989,128.07679681,491.49592689,5.22253503,1.54325427,556.10469119,13.21274641,4475.48237042,48.94058069,27.24907893,1.12740121,85.56699717,9.06024257,27.09953852,56.75766844,1.12740121,1645.07317436,31.34537908,37.66823079,923.80991241,23.70196875,4.94977567,4.57194389,655.95700003,3.51089589,1.04119618,0.80736139,0.34165944,117.58178893,1.12740121,655.95700003,0.0006312,4584.44567431,2245.58910303,0.05072039,5.17989128,3.04668835,147.60081002,119.33174225,3.95518498,0.85437436,17.71108193,18.09139926,159.71006943,3.25068291,1014.67533822,71.96392081,18.09139926,1.44586431,2002.49769574,1.12740121,6.40394524,1165.08565133,24.28603692,1.58735026,658.53345387,494.21912528,3.48748429,1.67207248,95.60202224
2021-12-14,7.16910114,114.5854294,491.96775002,1698.0618709,1337.03692747,16.21199316,228.51939533,1.95583,83.27697778,127.69676641,0.85097149,4026.85168804,718.51582737,200.2930359,50.05050675,16.68765519,10695.91699619,2.40485517,137.17484152,12727.6971909,6.87770414,949.80136287,1.0,10.30103847,12.74356225,2590.29969464,24.69923949,7684.92595102,18.1148266,64.16564855,281.82795449,0.85097149,19.95383442,1.91380035,1.54279945,0.79862412,1.95583,10.44434532,367.67911333,55.37443687,4.13673779,642.06011756,157.06040753,200.60339263,0.85097149,8.78783487,59.0222909,4.2240345,25911.42261132,9.85608051,7.64268461,10.26381273,47457.5209586,,235.74185824,173.93418799,12219.04604413,3225.61222462,4.62412311,18.1148266,3.94694561,0.92365391,120.04377662,2.8347022,110.27000001,25.26663892,463.59031699,0.42352986,2.01592198,61.54918891,12484.83792432,120.8482703,4.76854137,8.69892574,39.84538151,7.76506392,18.41591787,16.89613802,4513.92605645,7.43608091,16142.38902562,0.43310434,1.1264092,2240.3014853,2.57377326,2.94946742,30.48755259,41.06412455,85.69410684,96.32440623,4.10012949,9.07504528,17.39899898,2.26775129,2830.11438301,128.58209685,128.12625184,492.46646132,5.20075878,1.54279945,548.64175429,13.2372847,4491.21440434,49.21566155,27.35859688,1.1264092,85.69410684,9.05146991,27.17386533,56.71711095,1.1264092,1644.14110762,31.33974098,37.60851297,921.64934006,23.90159642,4.94994103,4.56537254,655.95700003,3.53592119,1.04085069,0.80671582,0.341484,117.57027756,1.1264092,655.95700003,0.0006362,4601.85079202,2253.56816308,0.05142151,5.19950562,3.04383045,146.99491175,119.33174225,3.95254941,0.85097149,17.72296933,18.1148266,159.41043285,3.25278896,1013.75196404,71.88217087,18.1148266,1.44718209,2001.89567775,1.1264092,6.40074605,1133.12160926,24.24924975,1.58450807,654.51468872,492.57741902,3.47951997,1.67322628,95.51609816
2021-12-15,7.1853905,114.9119936,491.96774999,1701.15375059,1336.33630431,16.71405563,228.53321752,1.95583,83.23016962,127.29610748,0.85150181,4016.06191399,719.87236261,200.66058895,49.8883751,15.52955269,10529.15029546,2.40450899,137.73425143,12735.45475745,6.90877272,960.60444443,1.0,10.26246733,12.73559162,2595.20627062,24.51543943,7667.74569645,18.08512285,63.96315607,282.43454911,0.85150181,19.97162209,1.91732549,1.54210917,0.80007828,1.95583,10.44346553,368.93097996,55.37673903,4.14427008,641.22933193,157.25520712,201.05485114,0.85150181,8.80640443,59.46843686,4.23172575,26156.74729996,9.87402674,7.65649796,10.18277761,47574.94700563,,235.75335419,173.72884296,12238.74772281,3224.78534307,4.62163404,18.08512285,3.94354168,0.92533687,117.47918484,2.84054401,110.27,25.27259993,464.43422324,0.42430103,2.01933954,61.65094054,12497.06006072,120.87658288,4.77465298,8.71103101,39.90194111,7.7739788,18.45769374,16.92690299,4513.41029273,7.43610879,16183.40361201,0.43389295,1.1284602,2248.55138939,2.57724879,2.95278234,30.66364932,40.92084183,86.04357422,96.40568286,4.10759513,9.09155061,17.41432167,2.27111649,2834.74524158,128.29063425,128.82329657,493.56056762,5.20140786,1.54210917,549.09958206,13.26791684,4478.65106886,48.79863564,27.29147838,1.1284602,86.04357422,9.07059657,27.24820354,56.6477162,1.1284602,1646.78027002,31.42537277,37.75232668,922.8272552,23.76918701,4.94988679,4.5733101,655.95699999,3.52657904,1.04411884,0.80793398,0.34245687,117.66053919,1.1284602,655.95699999,0.00063395,4588.09315499,2249.22460771,0.0509971,5.18645039,3.04918431,147.01782747,119.33174224,3.9673112,0.85150181,17.7125646,18.08512285,159.74553648,3.25754664,1015.60971907,72.00724084,18.08512285,1.44984565,2005.58511628,1.1284602,6.4116717,1161.15378031,24.30395935,1.57688325,659.28725447,493.55047719,3.49271165,1.66822046,95.68602448
2021-12-16,7.21678983,115.40851718,491.96775001,1707.91321066,1344.24583557,17.75996838,228.86023161,1.95583,83.70385944,127.76894473,0.8504661,4033.24902762,722.36131672,201.41638114,50.08960364,15.28846102,10717.68844322,2.41444919,138.25935411,12785.26869387,6.9782186,958.98601303,1.0,10.23555912,12.78407806,2604.81433585,24.51730023,7688.1847799,18.09363525,64.2877618,283.50816229,0.8504661,20.04399225,1.9248472,1.54625167,0.80325736,1.95583,10.47593246,368.79144964,55.1701944,4.16073716,640.68231233,157.54649954,201.6810095,0.8504661,8.839234,59.69924554,4.24854033,25833.83901515,9.91326076,7.68391672,10.19538682,47664.85654411,,236.45790834,174.41994645,12297.0667952,3241.09618927,4.63290705,18.09363525,3.95796497,0.92900804,124.33084101,2.86631576,110.27,25.33482295,465.38653034,0.42598698,2.02775086,61.65617302,12506.63757842,120.78203011,4.77036748,8.74401696,40.02614783,7.8048904,18.55328724,16.9941613,4554.41752437,7.43598057,16293.3871535,0.435617,1.13294409,2257.06535158,2.594064,2.95813869,30.82064151,41.05720606,86.37160963,96.93653993,4.12391648,9.12193814,17.44496342,2.27965726,2846.44087595,128.69004242,128.62158492,495.18922396,5.21905073,1.54625167,542.15307898,13.32524783,4490.05997988,49.03502321,27.39452001,1.13294409,86.37160963,9.10441102,27.23740956,56.60439305,1.13294409,1652.17716629,31.54053986,37.82461725,926.54251264,23.62768958,4.94876551,4.57959516,655.95700001,3.50877728,1.04112949,0.80960383,0.34355263,117.58053944,1.13294409,655.95700001,0.00062877,4600.90566079,2254.23295688,0.0505189,5.20556365,3.06169917,146.20682931,119.33174224,3.97522765,0.8504661,17.83305384,18.09363525,160.63743833,3.25427362,1019.60338254,72.31825505,18.09363525,1.45102501,2013.05165375,1.13294409,6.44495977,1169.66010688,24.38357471,1.58212934,652.80509049,495.56897527,3.49906809,1.67173394,96.06211491
2021-12-17,7.16475721,114.55309626,491.96775002,1694.20373819,1335.01682667,18.4524345,227.02919211,1.95583,83.34718359,127.09999477,0.84902155,3995.31933293,716.94840387,200.02292203,49.98806456,14.93227358,10458.55935362,2.39358761,136.81942776,12619.83955852,6.94538629,945.25046532,1.0,10.30391297,12.68067148,2590.15549569,24.3180823,7639.50545225,17.88747056,64.0486984,281.17987351,0.84902155,19.93373632,1.91043739,1.53731305,0.79680959,1.95583,10.44677295,367.30190941,54.64073397,4.12733879,638.66256166,156.24751759,200.38230969,0.84902155,8.76900708,59.32120628,4.21443716,25800.67263846,9.83368671,7.63474286,10.15587861,47504.70161626,,234.62011066,173.19936761,12169.92858426,3204.95909059,4.63076526,17.88747056,3.92616236,0.92156236,116.33848712,2.84428101,110.27000001,25.22142387,461.1991735,0.42256757,2.00918361,61.1250542,12438.65460648,120.8334644,4.74146467,8.68451167,39.77028611,7.74554532,18.48169905,16.85774864,4466.14618781,7.43701996,16161.54991845,0.43212029,1.12384991,2249.26582864,2.50466348,2.89359447,30.73468257,40.90255124,85.47207731,96.39402117,4.09081367,9.09525064,17.33635148,2.26401717,2823.11680394,126.69593434,127.80983053,492.21960001,5.17912683,1.53731305,554.32986805,13.21421659,4451.05812366,49.24337566,27.29076755,1.12384991,85.47207731,9.03207729,26.98022995,56.0620038,1.12384991,1640.72362789,31.29078344,37.45524882,918.96110777,23.42130707,4.94993538,4.53436777,655.95700003,3.51019508,1.03878626,0.80390481,0.34052262,117.59480671,1.12384991,655.95700003,0.00062507,4573.19903395,2249.00591891,0.05022792,5.18066573,3.03722778,146.39181441,119.33174225,3.94426358,0.84902155,17.6904722,17.88747056,159.43365536,3.21864546,1011.45765388,71.57427894,17.88747056,1.44869779,1999.88221035,1.12384991,6.40195222,1164.34613185,24.19711782,1.57722226,648.28601133,491.65599152,3.47913717,1.6604111,95.30178914
2021-12-18,7.16570776,114.4802959,491.96775,1694.29524171,1335.1203539,18.46182642,228.29645504,1.95583,83.2290296,127.11253829,0.84899627,4000.78329595,718.26597705,200.0557513,50.02642093,16.56655121,10484.80215334,2.39447298,136.79356932,12621.08310153,6.80593047,947.72514494,1.0,10.29955629,12.75581966,2590.15401998,24.55783742,7653.17895416,17.87262183,63.82649423,281.25292606,0.84899627,19.88989875,1.91059304,1.53748503,0.79685262,1.95583,10.44796964,367.30572253,54.56623381,4.12756171,638.35945188,157.03762858,200.02417956,0.84899627,8.76949815,59.42041963,4.21466478,25844.06399269,9.83421782,7.63837079,10.15487122,47245.42963783,,236.11897748,172.42557887,12171.94858293,3203.8841651,4.63058762,17.87262183,3.93286928,0.9216134,114.75248307,2.84392535,110.27,25.22603906,461.77420312,0.42259039,2.00899098,61.32075494,12382.70983556,120.54895952,4.74228915,8.68589132,39.76821937,7.76632123,18.56756851,16.85865912,4464.06476198,7.43851859,16153.09448932,0.43214363,1.12391061,2251.18442115,2.50315797,2.89294739,30.76063179,40.89360966,85.45592336,95.50877275,4.09103461,9.09681577,17.60641704,2.26606263,2823.31363784,126.68319178,127.81391668,491.84701342,5.17799826,1.53748503,540.03720901,13.25306376,4445.73237058,49.67723079,27.28310668,1.12391061,85.45592336,9.0325831,28.09772069,56.0804783,1.12391061,1640.8253016,31.33133065,37.48967434,919.59720151,23.4253851,4.94916305,4.53478956,655.957,3.51808361,1.03848656,0.80365526,0.34060077,117.5934397,1.12391061,655.957,0.00062505,4570.69540674,2248.73133215,0.0502638,5.18326993,3.03456061,146.17061761,119.33174224,3.94489077,0.84899627,17.70457838,17.87262183,159.44615952,3.20990806,1011.51954667,71.56957058,17.87262183,1.44900555,1995.89526044,1.12391061,6.40359987,1132.4928525,24.221626,1.57663538,656.40631729,490.63388959,3.48013065,1.66536184,95.30693637
2021-12-19,7.17564046,114.71288774,491.96775001,1695.90275271,1338.65918438,18.86453196,227.80731039,1.95583,83.7658474,127.93909578,0.85052554,4027.59559106,721.69829183,200.01375746,50.25528585,15.14037288,10468.05747215,2.4036171,137.0043108,12713.17568273,6.90962981,949.84464764,1.0,10.29402643,12.76719145,2586.96660313,24.52413558,7689.32538761,17.9367213,64.32048177,281.46952276,0.85052554,19.93972284,1.91131093,1.53815544,0.79760866,1.95583,10.48925878,367.4002364,54.61675568,4.13147785,642.07358542,156.69698835,200.57159628,0.85052554,8.77760531,59.4252184,4.21866356,25818.67710515,9.84354832,7.68905476,10.20852438,47452.22931841,,236.28808368,173.91992269,12201.14927565,3217.50701057,4.63165711,17.9367213,3.93010956,0.9224796,123.13855731,2.85146088,110.27,25.2008952,461.71671544,0.42299133,2.01340841,61.42302524,12564.59322348,120.86281596,4.753056,8.74188657,40.10654376,7.79608113,18.61976826,16.87465426,4471.6554108,7.43646954,16181.93308741,0.43255364,1.12497695,2243.76030379,2.57233629,2.94543853,30.69307533,41.10771558,85.58757507,96.94554093,4.0949161,9.05776114,17.35388736,2.27897935,2825.9684662,128.2913853,127.70412348,492.39410115,5.18439865,1.53815544,540.55759911,13.27136838,4453.77926008,49.53547867,27.43904089,1.12497695,85.58757507,9.04093346,27.2351891,56.15427423,1.12497695,1641.61842744,31.32345935,37.61217454,919.18515827,23.46581076,4.95340721,4.54740927,655.95700001,3.52033126,1.03902855,0.8062708,0.34129627,117.73158356,1.12497695,655.95700001,0.00062486,4606.05213982,2256.10762441,0.05032261,5.20952267,3.04010139,146.4075759,119.33174225,3.94778688,0.85052554,17.80810061,17.9367213,159.69274622,3.20948791,1012.45877164,71.80198215,17.9367213,1.45119577,2011.08426211,1.12497695,6.40747789,1132.89784402,24.24500701,1.58161357,651.39196304,492.02993636,3.47442487,1.67282255,95.39712721
2021-12-20,7.19074934,115.21440637,491.96775003,1700.50187202,1344.70013461,15.23170466,227.90524185,1.95583,83.56086428,127.42198443,0.85390045,4000.83584281,719.16456432,200.593458,50.12466345,15.27440923,10519.22148072,2.4122387,136.75719362,12716.47495278,6.93894595,982.98609269,1.0,10.31812818,12.72647288,2593.94683114,24.50991118,7710.20552497,17.82718677,64.26680347,282.23151771,0.85390045,20.03702498,1.91659047,1.54042939,0.79977169,1.95583,10.46625957,367.93982601,55.01878471,4.14268201,644.46958925,157.17875784,200.86263316,0.85390045,8.79761972,59.38768241,4.23010416,25786.62407588,9.87024304,7.66143673,10.19929699,47566.35175523,,235.64069026,173.69136892,12222.26785236,3222.85322687,4.6243299,17.82718677,3.94291757,0.92498213,115.34275477,2.85652951,110.27000001,25.22377599,462.81315763,0.42413844,2.0187441,61.6055672,12532.6435259,120.78771431,4.75083689,8.70995537,39.90412498,7.77645826,18.5833547,16.92041664,4521.07868978,7.43608485,16184.36566871,0.43372668,1.12802778,2247.58873875,2.5778177,2.95719486,30.78141057,40.93211953,85.4331992,96.48403997,4.1060211,9.09290996,17.36596103,2.27098606,2834.18446367,128.66207161,128.19045104,492.81094262,5.19200337,1.54042939,542.17306567,13.27364461,4473.89373835,49.03237007,27.58446123,1.12802778,85.4331992,9.06154832,27.17082435,56.30763291,1.12802778,1646.01795091,31.39863383,37.96912367,921.58425793,23.41536807,4.94884818,4.56903449,655.95700004,3.57310843,1.03948913,0.80779241,0.34187392,117.63110635,1.12802778,655.95700004,0.00062984,4603.4389688,2247.98565997,0.05067908,5.19320448,3.04828281,146.61000812,119.33174225,3.95945108,0.85390045,17.70835942,17.82718677,160.57808273,3.24797855,1015.2062349,71.99345247,17.82718677,1.45812719,2003.18268465,1.12802778,6.47489161,1135.99428053,24.28356098,1.58596511,650.28168339,493.38016502,3.4906956,1.6783917,95.65619611
2021-12-21,7.18409813,115.17860669,491.96774997,1699.40917995,1343.47858071,13.94288911,228.5223511,1.95583,83.54573669,127.4361349,0.85053599,4000.67949503,719.24865203,200.46926504,50.02068167,15.66300202,10513.20902477,2.40446243,136.61457326,12694.96230485,6.9232878,982.75798719,1.0,10.31095994,12.73226877,2591.48965648,24.68651971,7663.23574086,17.90296038,64.14184047,282.16504255,0.85053599,20.0689732,1.91543732,1.5386534,0.79925778,1.95583,10.46321495,367.54424511,54.89703224,4.14002004,641.97493019,157.18719805,201.13527768,0.85053599,8.79350545,59.23573487,4.22738602,25810.97206095,9.86390071,7.63468805,10.09986664,47503.26018861,,235.6627229,173.3152339,12229.33739507,3226.02603834,4.62200014,17.90296038,3.9394331,0.92438986,116.02592273,2.85820892,110.26999999,25.23780465,463.55038051,0.4238659,2.01711464,61.55849481,12561.44406383,120.72168461,4.74832879,8.70134462,39.88889195,7.77179289,18.5689694,16.90954408,4511.57981004,7.43601053,16090.63321887,0.43344798,1.12730294,2247.56955331,2.5658959,2.95081739,30.66475907,40.94670938,85.34410324,96.662278,4.1033827,9.09279912,17.42460115,2.27080809,2831.8203688,128.43035932,128.62836971,490.53123161,5.17989286,1.5386534,542.35670024,13.22150068,4459.47113027,49.18047808,27.37270328,1.12730294,85.34410324,9.05731061,27.24890331,56.42689814,1.12730294,1644.81783292,31.364745,38.08899858,919.06666961,23.48896111,4.94686398,4.57156675,655.95699996,3.56716489,1.04178371,0.80743515,0.34168954,117.57420595,1.12730294,655.95699996,0.00063022,4592.8418119,2253.16519556,0.05004387,5.19149774,3.04649964,146.80644947,119.33174224,3.95824764,0.85053599,17.712944,17.90296038,160.55010248,3.25109083,1014.5207834,71.92081103,17.90296038,1.45590985,2002.28456274,1.12730294,6.47593226,1135.06571295,24.21594654,1.58085255,653.84461573,492.98612368,3.48766764,1.67063676,95.59141516
2021-12-22,7.22422867,115.77620976,491.96775002,1709.47680746,1345.55756872,13.66856197,229.91550699,1.95583,83.45353694,127.93103368,0.84938892,4012.79299007,724.15848769,201.59263371,50.12393426,14.81246085,10725.18262334,2.41921788,137.00405827,12799.53132673,6.99709743,975.95174189,1.0,10.28942662,12.77072921,2607.6128507,24.51247533,7693.77092728,17.82895582,64.2596775,283.63761098,0.84938892,20.19113276,1.92661053,1.54309108,0.80399274,1.95583,10.4845246,368.22114949,55.27076568,4.16454632,646.58373621,157.74508842,202.56080117,0.84938892,8.84361438,59.41273739,4.25242987,26085.71286764,9.92233636,7.68141486,10.06166431,47781.42288146,,236.34482172,174.52624306,12303.5505634,3246.864505,4.63432999,17.82895582,3.96160233,0.92986545,117.66981326,2.86495767,110.27,25.07376159,466.27700965,0.42637697,2.02971715,61.69457035,12596.07680947,120.69189705,4.77010636,8.73487808,40.00400064,7.81198754,18.68883181,17.00971948,4534.04144765,7.43583927,16153.18159748,0.43601581,1.1339813,2259.06498637,2.57315563,2.94736776,30.94710254,41.03037658,85.58741732,97.0498412,4.12769193,9.13027477,17.48076308,2.28069138,2849.09427856,128.55318392,129.41089393,492.81498312,5.20081158,1.54309108,543.33581613,13.32016159,4483.17851597,49.54187994,27.70209809,1.1339813,85.58741732,9.10892281,27.21116452,56.8816004,1.1339813,1654.78952177,31.47218508,38.10111393,922.14038852,23.50080651,4.95223506,4.57692805,655.95700003,3.58834989,1.04217529,0.81017715,0.34323176,117.58497549,1.1339813,655.95700003,0.00062815,4602.61033785,2253.33680827,0.04958089,5.20301974,3.06454991,146.8044633,119.33174225,3.97886057,0.84938892,17.8373253,17.82895582,161.92364664,3.26342687,1020.52260401,72.39042198,17.82895582,1.45627818,2012.09358734,1.1339813,6.41199402,1141.65063001,24.3473114,1.57315767,652.60045913,496.04218301,3.5042943,1.66536472,96.15933789
2021-12-23,7.21751528,115.87854538,491.96775002,1708.02509003,1343.47625071,12.96691797,228.87193744,1.95583,83.22126747,128.25008059,0.84521878,4031.238101,723.19401656,201.41157941,50.30452614,15.02964827,10724.44245365,2.40036845,136.27137979,12775.24667986,6.96519236,973.66853846,1.0,10.29294159,12.79051422,2605.01068973,24.78004015,7721.48902612,17.74405163,64.79779307,283.58276591,0.84521878,20.17591952,1.92497328,1.53926841,0.80330998,1.95583,10.4870108,369.9479433,55.39225463,4.16100971,646.31208846,157.6395866,202.24184633,0.84521878,8.83600043,59.45354014,4.24881863,25825.71492428,9.91391014,7.69193208,9.99758725,47647.82303119,,236.63460632,174.47880091,12206.85936471,3246.61885503,4.62975665,17.74405163,3.95821921,0.92907519,117.02502848,2.86680596,110.27,25.05602186,465.85853831,0.42601488,2.02810189,61.64864494,12618.98246798,120.65075062,4.75868682,8.74663521,40.10648522,7.80901276,18.74695802,16.99527453,4532.7914669,7.43592513,16124.43094795,0.43564554,1.1330183,2256.96194984,2.58089504,2.94977516,30.84042427,41.32630255,85.12970782,97.18797037,4.12418662,9.12257664,17.44854175,2.28384856,2846.11762098,128.45894479,129.51347382,490.9492013,5.18675311,1.53926841,541.83201377,13.30884297,4491.65481897,49.7011182,27.63941259,1.1330183,85.12970782,9.10108045,27.24013102,56.67985021,1.1330183,1654.24480612,31.42735469,37.97640666,918.50536873,23.38203536,4.94950582,4.53747392,655.95700002,3.57012554,1.03984024,0.80954169,0.34287033,117.60516644,1.1330183,655.95700002,0.00062623,4612.87518917,2267.85671907,0.04944759,5.22289472,3.06195918,147.20430448,119.33174225,3.97549381,0.84521878,17.79904238,17.74405163,162.01711951,3.25923365,1019.69279701,72.31240004,17.74405163,1.45270486,2015.41911961,1.1330183,6.43042748,1135.17217213,24.07560542,1.56688462,661.84949553,495.65854861,3.48849593,1.6631627,96.07020164
2021-12-24,7.20975837,115.77939773,491.96774999,1706.87610663,1343.95647124,12.05852623,229.28162047,1.95583,83.40478936,128.16411283,0.8457877,4008.13236726,722.77988415,201.5297257,50.27070509,15.01101134,10713.19405972,2.39875044,136.106384,12778.83307875,6.99109757,979.87468437,1.0,10.33254239,12.78184324,2607.40773772,24.48907076,7708.30546168,17.6190482,64.75416877,283.39675743,0.8457877,20.1880116,1.92459279,1.53935828,0.80276959,1.95583,10.48210348,369.39797234,55.35503981,4.15821061,640.04233818,157.19000542,202.24917357,0.8457877,8.83170918,59.41354124,4.24596046,25870.41442051,9.90724108,7.68673139,10.0176031,47851.56295832,,236.47306326,174.36297251,12227.84931335,3227.14902205,4.6205092,17.6190482,3.95549224,0.92845697,116.80862652,2.84831646,110.27,25.02171815,465.28798686,0.4257283,2.02415187,61.60715034,12609.60220717,120.36727058,4.7498118,8.74071749,40.0793668,7.80373216,18.76487187,16.98384186,4527.00753945,7.43811019,16056.50010861,0.43535248,1.13225612,2262.84577095,2.56188609,2.93654246,30.96453295,41.2984844,85.02663376,97.15674677,4.12141229,9.16581016,17.47693269,2.28230444,2844.4949377,127.3395872,129.50737333,490.69616428,5.18346414,1.53935828,544.04513934,13.19630765,4488.60321148,49.44206109,27.62084571,1.13225612,85.02663376,9.09666045,27.2035305,56.64650589,1.13225612,1652.99717218,31.35509994,37.83997914,917.91083898,23.34438078,4.95067416,4.55132896,655.95699999,3.56962476,1.04225848,0.80899705,0.34264225,117.61586547,1.13225612,655.95699999,0.00062609,4612.09330997,2265.9146063,0.04923921,5.21940909,3.05994383,147.26034186,119.33174224,3.9843175,0.8457877,17.7947968,17.6190482,161.90593876,3.25993253,1019.04553977,72.116284,17.6190482,1.45070304,2013.92653831,1.13225612,6.42849519,1134.25601648,24.26824019,1.56713657,661.36054214,495.34385066,3.49192234,1.66105172,96.00262077
2021-12-25,7.21331021,115.83226959,491.96775,1707.70783731,1343.96132601,12.08079563,229.4009307,1.95583,83.43496457,128.17612049,0.8460688,4020.2034729,730.3472314,201.63970284,50.33382215,16.84954903,10497.03631013,2.41595713,136.20037346,12748.36715047,6.8554106,980.00067719,1.0,10.3375547,12.78330947,2610.65712419,24.52645568,7752.8602997,17.63512199,64.73979261,283.4851567,0.8460688,20.16624768,1.92557917,1.54008465,0.80316077,1.95583,10.48773232,369.72906883,55.39421102,4.16023684,638.86661458,158.06696687,201.63374053,0.8460688,8.83617885,59.52975723,4.24802945,25924.23174397,9.91206871,7.71610683,10.02466594,47606.51702509,,237.87301066,173.1050937,12234.32473589,3229.32643736,4.62403496,17.63512199,3.96457052,0.92890683,116.87163075,2.8490116,110.27,25.05715932,466.60392035,0.42593575,2.02489403,61.70403564,12613.22519741,120.36040294,4.75226782,8.74475732,40.11240693,7.82204483,18.83299038,16.99211778,4518.32713414,7.44627937,16146.60757382,0.43556462,1.13280785,2265.51378865,2.56288911,2.93780176,30.99929905,41.21130949,85.08534966,96.13590937,4.12342058,9.17255647,17.75105772,2.28283389,2845.65058667,127.38309339,129.6303381,490.61636481,5.185598,1.54008465,544.31061914,13.30635099,4478.8834352,49.90064018,27.54194127,1.13280785,85.08534966,9.10126421,28.32019645,56.69423765,1.13280785,1653.41006118,31.40981097,37.85879512,921.16908924,23.35403446,4.95239554,4.53374676,655.957,3.57220991,1.0422527,0.80939128,0.34352442,117.6636337,1.13280785,655.957,0.00062641,4604.88372028,2266.85405977,0.04929486,5.20797138,3.05858145,147.21085811,119.33174224,3.99880502,0.8460688,17.77692131,17.63512199,162.18110752,3.26532374,1019.52706706,72.14863804,17.63512199,1.4518349,2008.81331193,1.13280785,6.42961849,1140.9462811,24.13448338,1.56883786,663.95287877,494.34785682,3.49447594,1.66215379,96.04940116
2021-12-26,7.21454486,115.79121486,491.96775001,1706.98997227,1343.08285256,12.37379528,228.7467499,1.95583,83.24901052,128.15851944,0.84437639,4013.76907526,726.53655173,201.30908501,50.27650124,15.12767772,10711.30948293,2.39885509,136.05159328,12845.25033041,6.98208334,979.97729031,1.0,10.31854627,12.77958694,2603.88116899,24.50719457,7721.79912545,17.59481922,64.67297136,283.30241751,0.84437639,20.18183898,1.92380657,1.53603255,0.80282314,1.95583,10.47921911,369.80446859,55.98782773,4.15848801,645.34549799,157.27145851,202.20903418,0.84437639,8.83129321,59.46254766,4.24624371,25849.87684631,9.90790199,7.69290443,10.01398544,47730.19919982,,236.73787424,174.21914819,12216.53432875,3243.53190852,4.62673475,17.59481922,3.95579354,0.92851179,116.81747682,2.83723857,110.27,25.03538533,465.8249016,0.4257567,2.02667496,61.63772705,12633.51938937,120.59933266,4.73996614,8.74216574,40.12328834,7.81322121,18.73561798,16.98497485,4518.8664226,7.43580186,16109.09192683,0.43538152,1.13233166,2255.78239906,2.57807666,2.94661677,30.88813565,41.14750886,84.99240561,96.95889321,4.12168723,9.11697116,17.36274501,2.28284968,2844.31343085,128.31603672,129.57826283,489.06399374,5.18379307,1.53603255,541.11201205,13.30080217,4499.97040979,48.90587174,27.77263133,1.13233166,84.99240561,9.096232,27.270831,56.74503456,1.13233166,1651.96259296,31.37493673,37.94318459,918.71935147,23.35892164,4.94914992,4.52771089,655.95700001,3.56812315,1.04090063,0.80916443,0.34274107,117.64467487,1.13233166,655.95700001,0.00062583,4615.8376163,2259.00867095,0.04967647,5.20722784,3.06001969,147.20065646,119.33174224,3.973085,0.84437639,17.78139119,17.59481922,162.04641083,3.25494711,1019.05537343,72.27925923,17.59481922,1.45053337,2013.58173438,1.13233166,6.42301181,1172.62397112,23.30406227,1.56436123,654.36438138,495.26956941,3.4761074,1.65985286,96.00845214
2021-12-27,7.21549059,116.12327884,491.96774999,1707.11137555,1344.12412131,13.16040458,229.32504037,1.95583,83.234542,128.09375374,0.84310653,4012.56566854,726.46869258,201.3292518,50.2608697,15.96229147,10690.92370154,2.39890029,135.83390622,12829.18034953,6.95222433,970.83332974,1.0,10.30857094,12.78088651,2604.03446497,24.5055195,7694.76490297,17.61079284,64.62702802,283.32116311,0.84310653,20.16782507,1.92396155,1.53563909,0.80288024,1.95583,10.5093333,370.16521828,55.94124619,4.15878377,643.61970866,157.51700664,202.12480476,0.84310653,8.83255929,59.55408272,4.24654571,25792.2995105,9.90860666,7.68700107,10.01096617,47645.31991431,,236.66010256,173.82191445,12224.03287519,3241.90767428,4.60348661,17.61079284,3.95631808,0.92858026,116.95512601,2.85682719,110.27,25.06271328,465.31763506,0.42578698,2.02683535,61.62952003,12616.80924836,120.30750631,4.73776054,8.73932235,40.0740061,7.81133238,18.76905999,16.98618284,4527.36005227,7.43607458,16118.55611665,0.43541249,1.13241219,2255.69211725,2.57830891,2.94693191,30.89122287,41.10272479,84.85641494,97.06177469,4.12198037,9.17655182,17.46227472,2.28219087,2845.2394393,128.11015446,130.06595892,488.82918059,5.17673374,1.53563909,541.14517747,13.21588827,4501.13968822,49.84850817,27.74151352,1.13241219,84.85641494,9.09753607,27.25832077,56.95640055,1.13241219,1653.18485092,31.33520468,37.98743274,918.94526728,23.45398358,4.95019011,4.49979863,655.95699999,3.525935,1.03906501,0.80941148,0.34274619,117.58368452,1.13241219,655.95699999,0.00062532,4602.30323416,2257.19272849,0.04922967,5.20189517,3.06025536,147.40742262,119.33174224,3.95150878,0.84310653,17.79994226,17.61079284,162.26509251,3.24769468,1019.16874506,72.28547987,17.61079284,1.44887552,2012.55480989,1.13241219,6.3698795,1171.31500831,22.20315836,1.5645737,654.43162801,495.305207,3.48766237,1.66260822,96.02850556
2021-12-28,7.20345997,116.0009415,491.96774997,1704.29672396,1341.67329768,13.41928674,228.95570501,1.95583,83.43217129,128.00366482,0.84176273,4014.52610166,725.85054811,200.99013129,50.29234745,15.53537912,10701.23211692,2.39738806,135.18145399,12816.78550606,6.96112727,967.05755797,1.0,10.24310587,12.7723856,2599.99430339,24.51352216,7686.97972905,17.84839752,64.65191536,282.95560357,0.84176273,20.11473069,1.92077901,1.53068903,0.80155647,1.95583,10.49187339,369.66654207,56.04281176,4.15192684,642.87458281,157.39833403,201.91757502,0.84176273,8.81608305,59.3466885,4.23954409,25760.90921493,9.89226954,7.6786773,9.95620196,47590.80975807,,236.41711541,173.65793197,12193.28530004,3237.3077876,4.59989362,17.84839752,3.94999757,0.92704707,117.38834067,2.85546616,110.26999999,24.91625645,465.9693209,0.42508495,2.02341872,61.54774546,12648.14356341,120.24416829,4.72748183,8.72983165,40.13250489,7.79917644,18.83418277,16.95817636,4531.80287282,7.4348769,16132.78390623,0.43469459,1.13054509,2252.3250908,2.57260103,2.94775558,30.76030197,41.1602548,84.44882336,96.91853806,4.11518413,9.10761729,17.41670014,2.27928847,2839.66363891,127.89269397,129.84943579,490.53005398,5.16465518,1.53068903,540.28054473,13.17491077,4502.09427664,49.10203925,27.77862138,1.13054509,84.44882336,9.08056554,27.21663235,57.59742079,1.13054509,1649.89370655,31.26089383,37.95009487,923.32548763,23.35960921,4.95043878,4.47717127,655.95699996,3.50812721,1.03712609,0.80838349,0.34214313,117.57259645,1.13054509,655.95699996,0.00062575,4614.96443385,2260.82989327,0.04903912,5.209407,3.05514058,147.41921348,119.33174224,3.96731033,0.84176273,17.78411664,17.84839752,162.43223719,3.25656837,1017.41287224,72.16389616,17.84839752,1.44925752,2010.49751384,1.13054509,6.36473842,1172.88385041,22.56702467,1.56364451,655.24847255,494.48198535,3.49285974,1.6611508,95.87100435
2021-12-29,7.21982,116.3415754,491.96775002,1708.92843145,1343.65105057,14.43817086,228.42499533,1.95583,83.98793782,127.77183148,0.84033976,3996.35044413,726.19028703,201.52905387,50.23355367,16.66586665,10642.47552715,2.40151635,135.29232906,12847.71690193,6.97074383,962.77615076,1.0,10.24161832,12.77128926,2607.03057937,24.49901953,7691.70375743,18.07565334,64.25512105,283.68718663,0.84033976,20.16245339,1.92599538,1.53233466,0.80373483,1.95583,10.47932268,370.12967512,55.88369609,4.16321039,643.29955252,157.65244085,202.41688679,0.84033976,8.84073244,59.5302742,4.25106575,25787.699592,9.91915342,7.68310853,9.96673678,47838.31953815,,236.35381993,174.0477001,12314.62004932,3250.62567398,4.59666053,18.07565334,3.96048224,0.92956361,117.61140725,2.8651481,110.27,24.93835035,467.21592211,0.42624019,2.02907532,61.64849993,12606.46558647,120.4403042,4.72772444,8.72735388,39.97787921,7.79846259,18.78964968,17.004263,4580.02921645,7.43685648,16171.75086997,0.43587594,1.13361753,2257.89136142,2.56904633,2.94135084,30.84682784,41.0040982,84.51808781,97.00192714,4.12636782,9.12810146,17.45212856,2.27978343,2848.08065369,128.15860129,130.42254478,493.71619039,5.18981641,1.53233466,542.34135479,13.23621858,4490.66527516,49.29502129,27.68490314,1.13361753,84.51808781,9.10595441,27.19308795,57.87446658,1.13361753,1654.38690263,31.35213062,37.83861538,926.04618035,23.3418456,4.95029859,4.50996515,655.95700003,3.538765,1.03779438,0.80968828,0.3430153,117.58485871,1.13361753,655.95700003,0.00062892,4599.26241991,2253.14335861,0.04989329,5.18977921,3.06356183,147.2802782,119.33174225,3.97755083,0.84033976,17.80671602,18.07565334,163.76267578,3.2611943,1020.13569569,72.36825013,18.07565334,1.45000029,2011.24550176,1.13361753,6.46521035,1170.18714067,22.98456056,1.56165385,652.53580932,495.9089431,3.51403408,1.65639714,96.11921285
2021-12-30,7.21420945,116.23068237,491.96775002,1706.21536344,1348.53627913,15.00776133,228.92618611,1.95583,84.39322476,128.05944623,0.83851017,4012.53494329,726.75089605,201.21306757,50.36264792,15.44462824,10651.52824727,2.39671089,134.7940523,12860.86955368,6.9554071,964.29765026,1.0,10.23824642,12.77867335,2603.18458671,24.49797455,7687.95082963,18.0441022,64.84292623,283.28735225,0.83851017,20.10503149,1.92294699,1.52965784,0.80245883,1.95583,10.47029414,368.75124262,55.68367146,4.15660094,639.35337811,157.48420158,200.98463978,0.83851017,8.82614773,59.75291998,4.24431682,25755.09340062,9.90340592,7.68706558,9.97888847,47670.86025499,,236.42480582,174.10775035,12257.97554897,3238.96375363,4.59088018,18.0441022,3.96556407,0.92808935,117.24955061,2.88952112,110.27,24.86008484,465.46706832,0.4255635,2.02581732,61.59366054,12665.54786435,120.52521618,4.72760981,8.73195459,40.06388522,7.80849297,18.86647313,16.9772673,4608.38770259,7.43704632,16155.40946989,0.43518395,1.13181782,2255.60932792,2.57318847,2.94639323,30.91076947,41.26641773,84.20681075,97.03265337,4.11981686,9.15721525,17.42802547,2.28080726,2843.70894857,127.93002553,130.26153383,494.39527095,5.19219456,1.52965784,543.19327171,13.28042139,4486.30170307,49.66096901,27.61735209,1.13181782,84.20681075,9.09093217,27.22255453,57.74380067,1.13181782,1651.78588794,31.42633854,37.69803726,920.07436244,23.16531704,4.95187112,4.51615014,655.95700002,3.51661617,1.03472348,0.80896675,0.34243003,117.57951542,1.13181782,655.95700002,0.00062445,4607.58604878,2266.590071,0.04901528,5.21583396,3.05867385,147.60682958,119.33174225,3.97136369,0.83851017,17.77813241,18.0441022,164.0258811,3.26019808,1018.61354817,72.25134681,18.0441022,1.44221059,2012.01562971,1.13181782,6.30596399,1171.31567693,23.46537728,1.5604359,652.86871738,495.06935554,3.5028441,1.65880797,95.93230368
2021-12-31,7.22820547,116.77961923,491.96775,1714.51318191,1352.1066891,15.14949237,230.78567601,1.95583,85.07259505,128.68669374,0.83971572,4037.77498955,730.31509732,202.43547737,50.85249813,15.58081133,10711.5883542,2.40836654,135.60804592,12750.79592552,7.00762789,968.99870761,1.0,10.29553047,12.84037276,2619.22424748,24.57208809,7726.82181332,18.15087092,65.15632684,284.66124501,0.83971572,20.19077516,1.9322856,1.53321793,0.80636142,1.95583,10.54189831,369.26118167,55.95523413,4.1768157,631.4874774,157.88216435,200.41651714,0.83971572,8.86612792,60.04204753,4.26495816,25995.22115932,9.95156905,7.72506607,10.02710914,48057.63456299,,237.58569477,174.91704515,12329.61776245,3242.84686702,4.59019108,18.15087092,3.98462954,0.93260965,117.99185172,2.90086248,110.27,24.87589396,468.57941385,0.42763314,2.03305345,61.89848789,12687.34101447,120.75495464,4.73812893,8.77462865,40.25857782,7.84692444,18.96518377,17.05983266,4571.69322407,7.43861555,16190.20036293,0.43730038,1.13732218,2273.91478441,2.56921201,2.95029821,31.105856,41.45869418,84.7153184,97.51306555,4.13985272,9.20159751,17.55028696,2.29190949,2857.55300516,127.60574411,130.94968481,494.80894031,5.21787797,1.53321793,545.83615934,13.37845376,4510.07591885,49.59842843,27.7522278,1.13732218,84.7153184,9.13211176,27.36391917,58.072605,1.13732218,1660.07923263,31.52567477,37.7553498,924.72153733,23.28483157,4.94896093,4.53327414,655.95700001,3.53714775,1.03619539,0.81085383,0.34412492,117.6474739,1.13732218,655.95700001,0.00062425,4627.96790774,2277.30390228,0.0490648,5.24071022,3.073499,147.66325135,119.33174224,3.99062223,0.83971572,17.86081978,18.15087092,164.82240155,3.26980923,1023.591479,72.44831234,18.15087092,1.43685005,2021.48462755,1.13732218,6.33693798,1175.67988277,24.26398468,1.5644981,655.63854089,497.45795787,3.52211579,1.66122941,96.44510888
